   Eewald =        0.9821754905299118
       EH =        1.8655124478529319
     Eloc =       -4.6729509264453233
      Enl =       -0.0629643025690694
      Exc =       -0.8342827596038472
       KE =        1.1480805823379163
-------------------------------------
     Etot =       -1.5744294678974797
