   Eewald =        1.3138306169639251
       EH =        2.0814757671743576
     Eloc =       -5.3114434877230803
      Enl =       -0.0733164249066024
      Exc =       -0.9399104784937732
       KE =        1.3872906043360296
-------------------------------------
     Etot =       -1.5420734026491434
