   Eewald =        1.1000717941591978
       EH =        1.9599708522729660
     Eloc =       -4.9451471996832286
      Enl =       -0.0716039614150784
      Exc =       -0.8807029376164190
       KE =        1.2526735854694937
-------------------------------------
     Etot =       -1.5847378668130683
