   Eewald =        0.9148034103023162
       EH =        1.7970416303192862
     Eloc =       -4.4832704142157134
      Enl =       -0.0555114921748298
      Exc =       -0.7999310414889547
       KE =        1.0746999296013553
-------------------------------------
     Etot =       -1.5521679776565400
