   Eewald =        0.8795044641753793
       EH =        1.7546499525706600
     Eloc =       -4.3686503553422913
      Enl =       -0.0509531992213572
      Exc =       -0.7778940355923790
       KE =        1.0297293783018096
-------------------------------------
     Etot =       -1.5336137951081787
