   Eewald =        1.7618636948440560
       EH =        2.2281415898647392
     Eloc =       -5.7684914068338520
      Enl =       -0.0532073546304078
      Exc =       -1.0110913600657749
       KE =        1.5364439582000644
-------------------------------------
     Etot =       -1.3063408786211750
