   Eewald =        3.1382917832895210
       EH =        2.3712104281122719
     Eloc =       -6.2179183419408606
      Enl =       -0.0114037975772844
      Exc =       -1.0813840357509412
       KE =        1.6624110357559885
-------------------------------------
     Etot =       -0.1387929281113043
