   Eewald =        0.8684777322309456
       EH =        1.7400983205477003
     Eloc =       -4.3297266145181617
      Enl =       -0.0494105049484016
      Exc =       -0.7700992004351109
       KE =        1.0141424639297079
-------------------------------------
     Etot =       -1.5265178031933206
