   Eewald =        0.8800696644618604
       EH =        1.7727220442074674
     Eloc =       -4.4789184299134126
      Enl =       -0.0631123788470740
      Exc =       -0.8306922797645691
       KE =        1.1499270337729421
-------------------------------------
     Etot =       -1.5700043460827859
