   Eewald =        1.0074391173705615
       EH =        1.8733897517198610
     Eloc =       -4.7668414592135555
      Enl =       -0.0717705327486589
      Exc =       -0.8784040591499189
       KE =        1.2534505416045594
-------------------------------------
     Etot =       -1.5827366404171515
