   Eewald =        0.6947918403646267
       EH =        1.5505448000846769
     Eloc =       -3.9093267554750160
      Enl =       -0.0432198018817895
      Exc =       -0.7233804332468672
       KE =        0.9632692186790768
-------------------------------------
     Etot =       -1.4673211314752923
