   Eewald =        1.2287946640270246
       EH =        1.9998185252534493
     Eloc =       -5.1453419100446416
      Enl =       -0.0734238854414735
      Exc =       -0.9383216286156723
       KE =        1.3873558749311365
-------------------------------------
     Etot =       -1.5411183598901765
