   Eewald =        0.7497576663290031
       EH =        1.6329140905546615
     Eloc =       -4.1081062988467396
      Enl =       -0.0498618737593634
      Exc =       -0.7642497459306993
       KE =        1.0257224381384504
-------------------------------------
     Etot =       -1.5138237235146876
