   Eewald =        3.0645517520266798
       EH =        2.2986406208115771
     Eloc =       -6.0719399189440244
      Enl =       -0.0114418216258113
      Exc =       -1.0807204543782429
       KE =        1.6624495400725259
-------------------------------------
     Etot =       -0.1384602820372960
