   Eewald =        1.6830165240093602
       EH =        2.1512123074227119
     Eloc =       -5.6131352136392323
      Enl =       -0.0532639005496151
      Exc =       -1.0100554658503786
       KE =        1.5364013308244491
-------------------------------------
     Etot =       -1.3058244177827050
