   Eewald =        0.7179488865987280
       EH =        1.5882819994327619
     Eloc =       -3.9985711313181551
      Enl =       -0.0461736575128627
      Exc =       -0.7425392007320318
       KE =        0.9915076131075010
-------------------------------------
     Etot =       -1.4895454904240584
