   Eewald =        0.8006683855928760
       EH =        1.6937948837413381
     Eloc =       -4.2647115591515234
      Enl =       -0.0553571915492903
      Exc =       -0.7932704454500441
       KE =        1.0763389895077788
-------------------------------------
     Etot =       -1.5425369373088651
