   Eewald =        0.7004056894533486
       EH =        1.5602731272228187
     Eloc =       -3.9320263671223112
      Enl =       -0.0439695309837244
      Exc =       -0.7284229865094922
       KE =        0.9705801136473811
-------------------------------------
     Etot =       -1.4731599542919798
