   Eewald =        0.6098658887409124
       EH =        1.4748972961635756
     Eloc =       -3.7565422574571952
      Enl =       -0.0436664084854279
      Exc =       -0.7232275143656235
       KE =        0.9812493375357150
-------------------------------------
     Etot =       -1.4574236578680440
