   Eewald =        0.7333907316187992
       EH =        1.6311453712793511
     Eloc =       -4.1368382869978886
      Enl =       -0.0555130697721849
      Exc =       -0.7930642584061488
       KE =        1.0803276811827316
-------------------------------------
     Etot =       -1.5405518310953403
