   Eewald =        0.5822255924700974
       EH =        1.4269247427494338
     Eloc =       -3.6546862836834770
      Enl =       -0.0408381386363666
      Exc =       -0.7012201778354976
       KE =        0.9608025264384316
-------------------------------------
     Etot =       -1.4267917384973785
