   Eewald =        1.1744917266539774
       EH =        1.9464505192753059
     Eloc =       -5.0382025596765816
      Enl =       -0.0734693595622635
      Exc =       -0.9382479394330433
       KE =        1.3881662850698444
-------------------------------------
     Etot =       -1.5408113276727604
