   Eewald =        0.6368836703026934
       EH =        1.5147705199256063
     Eloc =       -3.8470830058188112
      Enl =       -0.0462649155868301
      Exc =       -0.7409304599540200
       KE =        1.0011586382855953
-------------------------------------
     Etot =       -1.4814655528457665
