   Eewald =        0.9495356539058337
       EH =        1.8171339648884632
     Eloc =       -4.6535283754062773
      Enl =       -0.0718394626390641
      Exc =       -0.8782821912635385
       KE =        1.2547863103462880
-------------------------------------
     Etot =       -1.5821941001682949
