   Eewald =        0.6762903117817352
       EH =        1.5660912820715649
     Eloc =       -3.9706903309955202
      Enl =       -0.0500370161318347
      Exc =       -0.7637753515906897
       KE =        1.0323076991785585
-------------------------------------
     Etot =       -1.5098134056861863
