   Eewald =        0.8178999022348673
       EH =        1.7133299636962984
     Eloc =       -4.3586633726784907
      Enl =       -0.0632196218652089
      Exc =       -0.8305060977185380
       KE =        1.1521664022633524
-------------------------------------
     Etot =       -1.5689928240677193
