   Eewald =        0.5789851548206304
       EH =        1.4203955228233576
     Eloc =       -3.6414770218549743
      Enl =       -0.0404689026988462
      Exc =       -0.6980727830247802
       KE =        0.9580484878157658
-------------------------------------
     Etot =       -1.4225895421188470
