   Eewald =        3.0159501959118371
       EH =        2.2503867433141673
     Eloc =       -5.9753547687494821
      Enl =       -0.0114607816620007
      Exc =       -1.0807376653151430
       KE =        1.6628730714406919
-------------------------------------
     Etot =       -0.1383432050599294
