   Eewald =        0.5922209927729909
       EH =        1.4455441619577809
     Eloc =       -3.6932437954763806
      Enl =       -0.0419082469259578
      Exc =       -0.7099456283178383
       KE =        0.9685199277758723
-------------------------------------
     Etot =       -1.4388125882135330
