   Eewald =        1.6317811895949905
       EH =        2.1005258136982135
     Eloc =       -5.5115708111083146
      Enl =       -0.0532936339750515
      Exc =       -1.0100348092809686
       KE =        1.5369500543266574
-------------------------------------
     Etot =       -1.3056421967444733
