   Eewald =        0.9098361407861987
       EH =        1.7780585517522094
     Eloc =       -4.5750549995454346
      Enl =       -0.0718660070269958
      Exc =       -0.8783681902277061
       KE =        1.2553374616961586
-------------------------------------
     Etot =       -1.5820570425655700
