   Eewald =        0.4983136838554627
       EH =        1.3338933271299027
     Eloc =       -3.4727982657916239
      Enl =       -0.0396009436320450
      Exc =       -0.6881806353793039
       KE =        0.9739382957152051
-------------------------------------
     Etot =       -1.3944345381024021
