   Eewald =        0.4962779156327544
       EH =        1.3296011861110066
     Eloc =       -3.4652410609993858
      Enl =       -0.0394261576853450
      Exc =       -0.6863503167514275
       KE =        0.9735713786531280
-------------------------------------
     Etot =       -1.3915670550392694
