   Eewald =        1.5958066441772436
       EH =        2.0647762596000119
     Eloc =       -5.4399846740289464
      Enl =       -0.0533031278688505
      Exc =       -1.0100891583779117
       KE =        1.5371979341668842
-------------------------------------
     Etot =       -1.3055961223315689
