   Eewald =        0.5153872675953930
       EH =        1.3650809948767759
     Eloc =       -3.5307619087430466
      Enl =       -0.0409101268056577
      Exc =       -0.7007457927211467
       KE =        0.9762245750651432
-------------------------------------
     Etot =       -1.4157249907325387
