   Eewald =        1.1367770714709506
       EH =        1.9091395748030959
     Eloc =       -4.9633923291746838
      Enl =       -0.0734845912938664
      Exc =       -0.9383241652001376
       KE =        1.3885523716475379
-------------------------------------
     Etot =       -1.5407320677471033
