   Eewald =        0.5543215880137548
       EH =        1.4245693361803187
     Eloc =       -3.6539696238084600
      Enl =       -0.0438465169747064
      Exc =       -0.7241730960227506
       KE =        0.9886109731002966
-------------------------------------
     Etot =       -1.4544873395115470
