   Eewald =        0.6286116876645110
       EH =        1.5208563355433902
     Eloc =       -3.8790987515991691
      Enl =       -0.0501232392891516
      Exc =       -0.7641530253169123
       KE =        1.0348785384321300
-------------------------------------
     Etot =       -1.5090284545652017
