   Eewald =        0.7759218349346797
       EH =        1.6723656396911117
     Eloc =       -4.2762255567660592
      Enl =       -0.0632581471049404
      Exc =       -0.8306524370456908
       KE =        1.1530947919352221
-------------------------------------
     Etot =       -1.5687538743556768
