   Eewald =        0.5045482085676828
       EH =        1.3460319035329926
     Eloc =       -3.4947355492524266
      Enl =       -0.0400995288312643
      Exc =       -0.6931859827023407
       KE =        0.9747384539213537
-------------------------------------
     Etot =       -1.4027024947640023
