   Eewald =        0.5856050440918545
       EH =        1.4671902375575594
     Eloc =       -3.7503223455694048
      Enl =       -0.0463948840689857
      Exc =       -0.7415534319095357
       KE =        1.0055095730641281
-------------------------------------
     Etot =       -1.4799658068343842
