   Eewald =        0.5315695524739825
       EH =        1.3910050752660255
     Eloc =       -3.5826195745571847
      Enl =       -0.0421056358286565
      Exc =       -0.7108815011060161
       KE =        0.9799918918266657
-------------------------------------
     Etot =       -1.4330401919251836
