   Eewald =        0.6887792660655616
       EH =        1.5880837958858296
     Eloc =       -4.0499629674495443
      Enl =       -0.0555677677917860
      Exc =       -0.7932750167634023
       KE =        1.0818166114515058
-------------------------------------
     Etot =       -1.5401260786018356
