   Eewald =        2.9815089173973073
       EH =        2.2160660697831887
     Eloc =       -5.9066857992249417
      Enl =       -0.0114658484180280
      Exc =       -1.0807776168422762
       KE =        1.6630394326284381
-------------------------------------
     Etot =       -0.1383148446763121
