   Eewald =        2.9558218480179370
       EH =        2.1904208228959874
     Eloc =       -5.8553773091580235
      Enl =       -0.0114675035185431
      Exc =       -1.0807918061416886
       KE =        1.6630852494428678
-------------------------------------
     Etot =       -0.1383086984614628
