   Eewald =        1.5691491165399079
       EH =        2.0382080087512486
     Eloc =       -5.3867959281764612
      Enl =       -0.0533057720407409
      Exc =       -1.0101104185961580
       KE =        1.5372691409771875
-------------------------------------
     Etot =       -1.3055858525450161
