   Eewald =        0.4342464087821993
       EH =        1.2649478591030352
     Eloc =       -3.3442368608972286
      Enl =       -0.0392028167005059
      Exc =       -0.6826355409479927
       KE =        0.9958530932303371
-------------------------------------
     Etot =       -1.3710278574301555
