   Eewald =        0.4574036427272555
       EH =        1.3038093707848188
     Eloc =       -3.4097837014308365
      Enl =       -0.0403125463312689
      Exc =       -0.6950839689127271
       KE =        0.9850718353678083
-------------------------------------
     Etot =       -1.3988953677949496
