   Eewald =        0.8808880358446037
       EH =        1.7494100602102240
     Eloc =       -4.5175633626076506
      Enl =       -0.0718729124717955
      Exc =       -0.8784252189131307
       KE =        1.2555380147003852
-------------------------------------
     Etot =       -1.5820253832373636
