   Eewald =        0.4910924453909212
       EH =        1.3533814688923342
     Eloc =       -3.5063209606209731
      Enl =       -0.0422102817979381
      Exc =       -0.7117511874339915
       KE =        0.9837726204976426
-------------------------------------
     Etot =       -1.4320358950720049
