   Eewald =        0.5500400874655302
       EH =        1.4330257057333515
     Eloc =       -3.6812931485730918
      Enl =       -0.0464371389420922
      Exc =       -0.7418914012298794
       KE =        1.0068814087346185
-------------------------------------
     Etot =       -1.4796744868115628
