   Eewald =        1.1090381676623924
       EH =        1.8815738985946044
     Eloc =       -4.9081494685669060
      Enl =       -0.0734888513214359
      Exc =       -0.9383589915672848
       KE =        1.3886711708722828
-------------------------------------
     Etot =       -1.5407140743263470
