   Eewald =        0.4397600650984912
       EH =        1.2753344103810114
     Eloc =       -3.3606477095655678
      Enl =       -0.0394812135141190
      Exc =       -0.6861364683764319
       KE =        0.9927480794549618
-------------------------------------
     Etot =       -1.3784228365216542
