   Eewald =        0.4718437899456330
       EH =        1.3254854589743157
     Eloc =       -3.4505522908293216
      Enl =       -0.0410690765818469
      Exc =       -0.7021371983127883
       KE =        0.9826502777124628
-------------------------------------
     Etot =       -1.4137790390915455
