   Eewald =        0.4356086079217146
       EH =        1.2676735814526370
     Eloc =       -3.3484572091292177
      Enl =       -0.0392764822750673
      Exc =       -0.6835893040369554
       KE =        0.9951123509054067
-------------------------------------
     Etot =       -1.3729284551614822
