   Eewald =        0.7456153023492398
       EH =        1.6424985537702450
     Eloc =       -4.2162002658341109
      Enl =       -0.0632679229234039
      Exc =       -0.8307229824042264
       KE =        1.1533783907860848
-------------------------------------
     Etot =       -1.5686989242561715
