   Eewald =        0.5950316633579422
       EH =        1.4882255667819737
     Eloc =       -3.8132963846146528
      Enl =       -0.0501506644925479
      Exc =       -0.7643510789470029
       KE =        1.0356768794273963
-------------------------------------
     Etot =       -1.5088640184868920
