   Eewald =        0.4469032364397524
       EH =        1.2873483403968629
     Eloc =       -3.3806704534380678
      Enl =       -0.0398128025157311
      Exc =       -0.6899256147489145
       KE =        0.9890179879057135
-------------------------------------
     Etot =       -1.3871393059603847
