   Eewald =        0.6569394139015073
       EH =        1.5569003776717709
     Eloc =       -3.9871902171630684
      Enl =       -0.0555852133168923
      Exc =       -0.7933983078628257
       KE =        1.0823025952281475
-------------------------------------
     Etot =       -1.5400313515413608
