   Eewald =        0.5164779877497321
       EH =        1.3887043470431573
     Eloc =       -3.5813509737910421
      Enl =       -0.0439133759217747
      Exc =       -0.7246963374712950
       KE =        0.9908231031977592
-------------------------------------
     Etot =       -1.4539552491934631
