   Eewald =        3.8598116411919090
       EH =        2.8885644450770589
     Eloc =       -8.1187551872559816
      Enl =       -0.0158601954784419
      Exc =       -1.1428013323706274
       KE =        1.8876511707843706
-------------------------------------
     Etot =       -0.6413894580517128
