   Eewald =        3.9883892766621285
       EH =        2.8935577626350355
     Eloc =       -8.1234847759248208
      Enl =       -0.0135001413201477
      Exc =       -1.1449978757270456
       KE =        1.8885129583131672
-------------------------------------
     Etot =       -0.5115227953616828
