   Eewald =        4.4480815269000171
       EH =        2.9064215546947949
     Eloc =       -8.1332980369849874
      Enl =       -0.0073209207339256
      Exc =       -1.1507083541028138
       KE =        1.8904389761357825
-------------------------------------
     Etot =       -0.0463852540911323
