   Eewald =        4.2138638549709988
       EH =        2.8967606591861581
     Eloc =       -8.0381511055432711
      Enl =       -0.0151755291999324
      Exc =       -1.1449276917750122
       KE =        1.8780047038903835
-------------------------------------
     Etot =       -0.2096251084706746
