   Eewald =        3.4741523068371314
       EH =        2.8610795496794621
     Eloc =       -7.9068517768403792
      Enl =       -0.0355882564718810
      Exc =       -1.1276339049609998
       KE =        1.8576702008760224
-------------------------------------
     Etot =       -0.8771718808806444
