   Eewald =        5.0379735280972007
       EH =        2.9090336522168547
     Eloc =       -7.9726248975461296
      Enl =       -0.0091357579568039
      Exc =       -1.1499228181559711
       KE =        1.8704672747865343
-------------------------------------
     Etot =        0.6857909814416852
