   Eewald =        4.4005929219937006
       EH =        2.8978610362979751
     Eloc =       -7.9608250017139319
      Enl =       -0.0154770912009163
      Exc =       -1.1446602744212573
       KE =        1.8678911732707528
-------------------------------------
     Etot =        0.0453827642263229
