   Eewald =        7.0475661081553245
       EH =        2.9231246843920022
     Eloc =       -7.9786907937967264
      Enl =       -0.0008780871029099
      Exc =       -1.1566263201541782
       KE =        1.8727332567141159
-------------------------------------
     Etot =        2.7072288482076283
