   Eewald =        4.0033718038352015
       EH =        2.8865932370779093
     Eloc =       -7.9460592467118758
      Enl =       -0.0217621161595645
      Exc =       -1.1393897365308805
       KE =        1.8649764627707039
-------------------------------------
     Etot =       -0.3522695957185054
