   Eewald =        3.6594404298684453
       EH =        2.8719586910845307
     Eloc =       -7.9242952500318111
      Enl =       -0.0297654538515579
      Exc =       -1.1326118710466928
       KE =        1.8608845426648692
-------------------------------------
     Etot =       -0.6943889113122166
