   Eewald =        3.5899238594098790
       EH =        2.8681843187016378
     Eloc =       -7.9183433392862153
      Enl =       -0.0317993864862717
      Exc =       -1.1308781852143590
       KE =        1.8597844023465251
-------------------------------------
     Etot =       -0.7631283305288041
