   Eewald =        3.3086289041821066
       EH =        2.8461843878434725
     Eloc =       -7.8033699969207433
      Enl =       -0.0437349554126283
      Exc =       -1.1202060304933101
       KE =        1.8412021248613117
-------------------------------------
     Etot =       -0.9712955659397904
