   Eewald =        4.7979224833745766
       EH =        2.9016166631275273
     Eloc =       -7.8952611057776840
      Enl =       -0.0121929113717142
      Exc =       -1.1464106989132763
       KE =        1.8593601738051084
-------------------------------------
     Etot =        0.5050346042445382
