   Eewald =        3.4188861282656271
       EH =        2.8543762894954612
     Eloc =       -7.8185830796399856
      Enl =       -0.0392445473058787
      Exc =       -1.1239987766740582
       KE =        1.8441026660529378
-------------------------------------
     Etot =       -0.8644613198058957
