   Eewald =        3.8126420778041936
       EH =        2.8756540995652866
     Eloc =       -7.8561863755538202
      Enl =       -0.0273066221942326
      Exc =       -1.1339827952685162
       KE =        1.8513494922530491
-------------------------------------
     Etot =       -0.4778301233940396
