   Eewald =        8.0150995230151274
       EH =        2.9217233710933117
     Eloc =       -7.9093099310459909
      Enl =        0.0004088803388035
      Exc =       -1.1563889657985580
       KE =        1.8637078264239648
-------------------------------------
     Etot =        3.7352407040266575
