   Eewald =        3.6392594895266654
       EH =        2.8637890178794785
     Eloc =       -7.7684600706998124
      Enl =       -0.0319801209233048
      Exc =       -1.1286401913647632
       KE =        1.8372166381292232
-------------------------------------
     Etot =       -0.5888152374525137
