   Eewald =        3.1581606872157666
       EH =        2.8303393168336353
     Eloc =       -7.7014718289010515
      Enl =       -0.0508868747210205
      Exc =       -1.1128101786038729
       KE =        1.8238520785051309
-------------------------------------
     Etot =       -1.0528167996714122
