   Eewald =        4.5797070718655091
       EH =        2.8932902325787047
     Eloc =       -7.8206012970606666
      Enl =       -0.0144996858171141
      Exc =       -1.1429952777037808
       KE =        1.8480793602204648
-------------------------------------
     Etot =        0.3429804040831166
