   Eewald =        1.7369554644618912
       EH =        2.4297839430901749
     Eloc =       -6.1361391314657441
      Enl =       -0.0846562750488548
      Exc =       -0.9742816153207313
       KE =        1.4533572228800764
-------------------------------------
     Etot =       -1.5749803914031870
