   Eewald =        1.9643019606948329
       EH =        2.5099560960039531
     Eloc =       -6.3895897276182057
      Enl =       -0.0702169439094704
      Exc =       -1.0157651036900921
       KE =        1.5466551034412555
-------------------------------------
     Etot =       -1.4546586150777268
