   Eewald =        6.2765835665790419
       EH =        2.7166624884914334
     Eloc =       -7.0383857138016479
      Enl =        0.0066236152933222
      Exc =       -1.1251077732711952
       KE =        1.7407030123311051
-------------------------------------
     Etot =        2.5770791956220593
