   Eewald =        2.2002294125702599
       EH =        2.5654075973500028
     Eloc =       -6.5646288586968238
      Enl =       -0.0548888432922738
      Exc =       -1.0440524866977339
       KE =        1.6039435970613181
-------------------------------------
     Etot =       -1.2939895817052507
