   Eewald =        1.7590089283507586
       EH =        2.4391978961553242
     Eloc =       -6.1658435984113487
      Enl =       -0.0835034653160193
      Exc =       -0.9792111730543749
       KE =        1.4650450513031688
-------------------------------------
     Etot =       -1.5653063609724915
