   Eewald =        3.5237273896881121
       EH =        2.6811546139151186
     Eloc =       -6.9270453109527113
      Enl =       -0.0112453515485844
      Exc =       -1.1042989886167900
       KE =        1.7096895643246972
-------------------------------------
     Etot =       -0.1280180831901574
