   Eewald =        2.6278237362629344
       EH =        2.6261434386153475
     Eloc =       -6.7553444312412028
      Enl =       -0.0339344309702946
      Exc =       -1.0751842189547094
       KE =        1.6613524420393091
-------------------------------------
     Etot =       -0.9491434642486158
