   Eewald =        1.8295793590701375
       EH =        2.4666437129019219
     Eloc =       -6.2525885533048067
      Enl =       -0.0792796784531005
      Exc =       -0.9934855963765294
       KE =        1.4979655297587118
-------------------------------------
     Etot =       -1.5311652264036648
