   Eewald =        1.8991770845141276
       EH =        2.3528330953112437
     Eloc =       -6.0329156341829098
      Enl =       -0.0530749900066781
      Exc =       -1.0174610127841353
       KE =        1.5448692303600047
-------------------------------------
     Etot =       -1.3065722267883477
