   Eewald =        3.2635741260803934
       EH =        2.4884067176510256
     Eloc =       -6.4622234452246072
      Enl =       -0.0112775967353593
      Exc =       -1.0860143266449340
       KE =        1.6688538647470774
-------------------------------------
     Etot =       -0.1386806601264046
