   Eewald =        1.2737847727869493
       EH =        2.1093311752741495
     Eloc =       -5.2773435139786686
      Enl =       -0.0722036493611305
      Exc =       -0.8958854377746358
       KE =        1.2708613821949570
-------------------------------------
     Etot =       -1.5914552708583787
