   Eewald =        1.1579971281671222
       EH =        2.0203378658999922
     Eloc =       -5.0090592121310822
      Enl =       -0.0625511926304739
      Exc =       -0.8493048207944554
       KE =        1.1543657162886358
-------------------------------------
     Etot =       -1.5882145152002614
