   Eewald =        1.1844631119244111
       EH =        2.0430236852422685
     Eloc =       -5.0772217069103789
      Enl =       -0.0655412465386258
      Exc =       -0.8614482681874193
       KE =        1.1849097707955314
-------------------------------------
     Etot =       -1.5918146536742130
