   Eewald =        1.3525966777492529
       EH =        2.1576708931475799
     Eloc =       -5.4246224826011984
      Enl =       -0.0743867960972109
      Exc =       -0.9203751671228981
       KE =        1.3306189524270309
-------------------------------------
     Etot =       -1.5784979224974438
