   Eewald =        1.4667582216193500
       EH =        2.2152747917389566
     Eloc =       -5.6020381331045339
      Enl =       -0.0732885004983393
      Exc =       -0.9492006176458905
       KE =        1.3984973139077548
-------------------------------------
     Etot =       -1.5439969239827023
