   Eewald =        2.3491639623704259
       EH =        2.4251104051546140
     Eloc =       -6.2615374729367730
      Enl =       -0.0332728340510764
      Exc =       -1.0535779301216737
       KE =        1.6131743499136080
-------------------------------------
     Etot =       -0.9609395196708752
