   Eewald =        1.6357562188449988
       EH =        2.2810899505117441
     Eloc =       -5.8071549871873298
      Enl =       -0.0666683617582851
      Exc =       -0.9818893866072987
       KE =        1.4713133944997576
-------------------------------------
     Etot =       -1.4675531716964132
