   Eewald =        1.1644748294480460
       EH =        2.0260442114777546
     Eloc =       -5.0261943178015143
      Enl =       -0.0633290968886401
      Exc =       -0.8523818198840581
       KE =        1.1621081082224873
-------------------------------------
     Etot =       -1.5892780854259247
