   Eewald =        1.2197508723358426
       EH =        2.0709324439410968
     Eloc =       -5.1612525719158953
      Enl =       -0.0687783098107501
      Exc =       -0.8761028525300069
       KE =        1.2216623815398737
-------------------------------------
     Etot =       -1.5937880364398391
