   Eewald =        6.0319115957530895
       EH =        2.5303978728614043
     Eloc =       -6.5968461173485045
      Enl =        0.0062379803083944
      Exc =       -1.1090185712466083
       KE =        1.7050414526375075
-------------------------------------
     Etot =        2.5677242129652829
