   Eewald =        0.8712019881765996
       EH =        1.7437612541301153
     Eloc =       -4.3395085575585632
      Enl =       -0.0497984130770295
      Exc =       -0.7720751589778531
       KE =        1.0180815486905073
-------------------------------------
     Etot =       -1.5283373386162240
