   Eewald =        1.1000717941591978
       EH =        1.9599708516604477
     Eloc =       -4.9451471989764766
      Enl =       -0.0716039613696995
      Exc =       -0.8807029374489551
       KE =        1.2526735851629527
-------------------------------------
     Etot =       -1.5847378668125331
