   Eewald =        0.8937997593795389
       EH =        1.7725002164139771
     Eloc =       -4.4166948886237520
      Enl =       -0.0528596629491261
      Exc =       -0.7872801315956005
       KE =        1.0487035787037005
-------------------------------------
     Etot =       -1.5418311286712620
