   Eewald =        1.1900553664356104
       EH =        2.0172590953271623
     Eloc =       -5.1159237147621912
      Enl =       -0.0742084664829898
      Exc =       -0.9086616687422246
       KE =        1.3167619835024058
-------------------------------------
     Etot =       -1.5747174047222274
