   Eewald =        0.9436775572847305
       EH =        1.8280829617531229
     Eloc =       -4.5684747761011471
      Enl =       -0.0589063424773353
      Exc =       -0.8156319004662482
       KE =        1.1077207566656744
-------------------------------------
     Etot =       -1.5635317433412033
