   Eewald =        1.7618636948440560
       EH =        2.2281415901928909
     Eloc =       -5.7684914075452314
      Enl =       -0.0532073547778162
      Exc =       -1.0110913602951639
       KE =        1.5364439589605343
-------------------------------------
     Etot =       -1.3063408786207305
