   Eewald =        3.1382917832895210
       EH =        2.3712104290362555
     Eloc =       -6.2179183435723653
      Enl =       -0.0114037978948347
      Exc =       -1.0813840361557514
       KE =        1.6624110371853713
-------------------------------------
     Etot =       -0.1387929281118041
