   Eewald =        2.2182394504536247
       EH =        2.3042059404144002
     Eloc =       -6.0075966013557318
      Enl =       -0.0334043846073392
      Exc =       -1.0481669826728275
       KE =        1.6057467388411868
-------------------------------------
     Etot =       -0.9609758389266863
