   Eewald =        0.8684777322309456
       EH =        1.7400983205690079
     Eloc =       -4.3297266145075577
      Enl =       -0.0494105049429000
      Exc =       -0.7700992004411605
       KE =        1.0141424638982581
-------------------------------------
     Etot =       -1.5265178031934066
