   Eewald =        0.9148034103023162
       EH =        1.7970416300795298
     Eloc =       -4.4832704141659603
      Enl =       -0.0555114920653453
      Exc =       -0.7999310414386458
       KE =        1.0746999296316406
-------------------------------------
     Etot =       -1.5521679776564652
