   Eewald =        5.9116374641261311
       EH =        2.4167662052930128
     Eloc =       -6.3613464579108845
      Enl =        0.0061182462394033
      Exc =       -1.1049712595723791
       KE =        1.6994328522197761
-------------------------------------
     Etot =        2.5676370503950601
