   Eewald =        1.0329471182085306
       EH =        1.9094713743304559
     Eloc =       -4.7980474252767289
      Enl =       -0.0674331841726365
      Exc =       -0.8559591421632923
       KE =        1.1963554377846985
-------------------------------------
     Etot =       -1.5826658212889726
