   Eewald =        0.9821754905299118
       EH =        1.8655124473146927
     Eloc =       -4.6729509258507749
      Enl =       -0.0629643024810928
      Exc =       -0.8342827594391117
       KE =        1.1480805820290789
-------------------------------------
     Etot =       -1.5744294678972963
