   Eewald =        0.8795044641753793
       EH =        1.7546499523733949
     Eloc =       -4.3686503552250828
      Enl =       -0.0509531992317484
      Exc =       -0.7778940355922468
       KE =        1.0297293783922070
-------------------------------------
     Etot =       -1.5336137951080966
