   Eewald =        1.4911636818962299
       EH =        2.1522637261711450
     Eloc =       -5.5308230519385253
      Enl =       -0.0667745812576746
      Exc =       -0.9742822353799210
       KE =        1.4617224657028982
-------------------------------------
     Etot =       -1.4667299948058476
