   Eewald =        1.3138306169639251
       EH =        2.0814757382187685
     Eloc =       -5.3114434481551234
      Enl =       -0.0733164241639614
      Exc =       -0.9399104698697927
       KE =        1.3872905843315260
-------------------------------------
     Etot =       -1.5420734026746579
