   Eewald =        1.0008062504413526
       EH =        1.8822908012517887
     Eloc =       -4.7203881026985339
      Enl =       -0.0647273256694066
      Exc =       -0.8425784956260880
       KE =        1.1663984664249043
-------------------------------------
     Etot =       -1.5781984058759828
