   Eewald =        2.1037056599579840
       EH =        2.2893465617985305
     Eloc =       -5.9608952182419381
      Enl =       -0.0377219124528789
      Exc =       -1.0408924080895867
       KE =        1.5926424199442679
-------------------------------------
     Etot =       -1.0538148970836212
