   Eewald =        0.8754977043439827
       EH =        1.7494485170892990
     Eloc =       -4.3547121660828667
      Enl =       -0.0504010061170530
      Exc =       -0.7751240136752866
       KE =        1.0241743493140743
-------------------------------------
     Etot =       -1.5311166151278501
