   Eewald =        1.1000717941591978
       EH =        1.9599708797156832
     Eloc =       -4.9451472523247730
      Enl =       -0.0716039633911675
      Exc =       -0.8807029524532540
       KE =        1.2526736274597261
-------------------------------------
     Etot =       -1.5847378668345877
