   Eewald =        0.8684777322309456
       EH =        1.7400983205391360
     Eloc =       -4.3297266143434987
      Enl =       -0.0494105049236557
      Exc =       -0.7700992004153727
       KE =        1.0141424637189620
-------------------------------------
     Etot =       -1.5265178031934834
