   Eewald =        1.5359875756682377
       EH =        2.1671307168848903
     Eloc =       -5.5772414654935218
      Enl =       -0.0646431190516738
      Exc =       -0.9814946380316298
       KE =        1.4768017571006387
-------------------------------------
     Etot =       -1.4434591729230584
