   Eewald =        0.8974248948656245
       EH =        1.7768701327868082
     Eloc =       -4.4285034060160724
      Enl =       -0.0533292128980510
      Exc =       -0.7895522102213676
       KE =        1.0533348214674860
-------------------------------------
     Etot =       -1.5437549800155721
