   Eewald =        1.2593209973082944
       EH =        2.0549744864153565
     Eloc =       -5.2303049042880811
      Enl =       -0.0742338531264112
      Exc =       -0.9270250028549576
       KE =        1.3584551339919360
-------------------------------------
     Etot =       -1.5588131425538632
