   Eewald =        0.9371959515236552
       EH =        1.8213536881157029
     Eloc =       -4.5499057867212596
      Enl =       -0.0581683735465401
      Exc =       -0.8122505990083001
       KE =        1.1005353677354195
-------------------------------------
     Etot =       -1.5612397519013224
