   Eewald =        3.8299625746547377
       EH =        2.3927194956392550
     Eloc =       -6.2853886364925691
      Enl =       -0.0034661120467338
      Exc =       -1.0923162329007456
       KE =        1.6799157548366332
-------------------------------------
     Etot =        0.5214268436905773
