   Eewald =        3.4634155484096509
       EH =        2.3819116646116094
     Eloc =       -6.2526925642282603
      Enl =       -0.0070992937806621
      Exc =       -1.0873546065000810
       KE =        1.6720723741789043
-------------------------------------
     Etot =        0.1702531226911614
