   Eewald =        0.8676112401603553
       EH =        1.7392301142557967
     Eloc =       -4.3275909422458829
      Enl =       -0.0493655633990981
      Exc =       -0.7698123986602490
       KE =        1.0137549450752747
-------------------------------------
     Etot =       -1.5261726048138036
