   Eewald =        7.2966071876843168
       EH =        2.4178670225158641
     Eloc =       -6.3700567902660454
      Enl =        0.0084813651526818
      Exc =       -1.1079565310735162
       KE =        1.7039917456347364
-------------------------------------
     Etot =        3.9489339996480366
