   Eewald =        1.5201513640155322
       EH =        2.1616789868517774
     Eloc =       -5.5607201103115456
      Enl =       -0.0653781138288827
      Exc =       -0.9790836947252891
       KE =        1.4718169525611355
-------------------------------------
     Etot =       -1.4515346154372721
