   Eewald =        1.2525106841505491
       EH =        2.0513051909739684
     Eloc =       -5.2195078897092033
      Enl =       -0.0742922459123208
      Exc =       -0.9254378901464708
       KE =        1.3549232380562743
-------------------------------------
     Etot =       -1.5604989125872033
