   Eewald =        0.9357379126937604
       EH =        1.8199694800240946
     Eloc =       -4.5462820464721769
      Enl =       -0.0580620552673163
      Exc =       -0.8117221332715279
       KE =        1.0995332715259110
-------------------------------------
     Etot =       -1.5608255707672554
