   Eewald =        2.0517855449349436
       EH =        2.2812564819304062
     Eloc =       -5.9361818237760069
      Enl =       -0.0397976253245516
      Exc =       -1.0372535449144500
       KE =        1.5860194227488522
-------------------------------------
     Etot =       -1.0941715444008064
