   Eewald =        0.8745780380808263
       EH =        1.7485258521930613
     Eloc =       -4.3524220518691088
      Enl =       -0.0503496798795333
      Exc =       -0.7748110226732435
       KE =        1.0237214271325570
-------------------------------------
     Etot =       -1.5307574370154406
