   Eewald =        1.0964966461876733
       EH =        1.9574153400970320
     Eloc =       -4.9379116616022545
      Enl =       -0.0714578818242171
      Exc =       -0.8796304232370111
       KE =        1.2502790789750364
-------------------------------------
     Etot =       -1.5848089014037410
