   Eewald =        0.8963287534089484
       EH =        1.7757806046500422
     Eloc =       -4.4257373911287301
      Enl =       -0.0532579943702449
      Exc =       -0.7891605105373354
       KE =        1.0526839574622016
-------------------------------------
     Etot =       -1.5433625805151183
