   Eewald =        0.9986492255196296
       EH =        1.8804423102680303
     Eloc =       -4.7153703854244524
      Enl =       -0.0645784965147913
      Exc =       -0.8418355674953444
       KE =        1.1648375406245755
-------------------------------------
     Etot =       -1.5778553730223528
