   Eewald =        0.8930705431669749
       EH =        1.7725355518344650
     Eloc =       -4.4175100505959044
      Enl =       -0.0530466699161671
      Exc =       -0.7879960173137011
       KE =        1.0507586564941960
-------------------------------------
     Etot =       -1.5421879863301369
