   Eewald =        1.9199728231636453
       EH =        2.2580150255849700
     Eloc =       -5.8651732253726108
      Enl =       -0.0454591703820570
      Exc =       -1.0268187756086662
       KE =        1.5667028415496049
-------------------------------------
     Etot =       -1.1927604810651138
