   Eewald =        0.8650287091914519
       EH =        1.7366389011039696
     Eloc =       -4.3212245591087060
      Enl =       -0.0492320241799159
      Exc =       -0.7689579159237894
       KE =        1.0126065628062624
-------------------------------------
     Etot =       -1.5251403261107277
