   Eewald =        1.4762002838750929
       EH =        2.1458223121046442
     Eloc =       -5.5127816441034234
      Enl =       -0.0673579027800315
      Exc =       -0.9720819920067655
       KE =        1.4572238153410186
-------------------------------------
     Etot =       -1.4729751275694647
