   Eewald =        0.9314193270507305
       EH =        1.8158543686217627
     Eloc =       -4.5355261723661027
      Enl =       -0.0577472019071837
      Exc =       -0.8101533281497661
       KE =        1.0965718563744702
-------------------------------------
     Etot =       -1.5595811503760888
