   Eewald =        2.8123661991062252
       EH =        2.3510611905632621
     Eloc =       -6.1591020334865147
      Enl =       -0.0170644484516336
      Exc =       -1.0732483730349762
       KE =        1.6491272519447036
-------------------------------------
     Etot =       -0.4368602133589337
