   Eewald =        3.8206025932992738
       EH =        2.3836716572819237
     Eloc =       -6.2669929988101591
      Enl =       -0.0034683505097329
      Exc =       -1.0921602336527243
       KE =        1.6798215282883631
-------------------------------------
     Etot =        0.5214741958969442
