   Eewald =        0.9922961467409617
       EH =        1.8749670609191489
     Eloc =       -4.7005288681524826
      Enl =       -0.0641367268990310
      Exc =       -0.8396378571897413
       KE =        1.1602368091822084
-------------------------------------
     Etot =       -1.5768034353989357
