   Eewald =        1.2329579836345161
       EH =        2.0405453317106734
     Eloc =       -5.1879163546953482
      Enl =       -0.0743970062994120
      Exc =       -0.9207887059051381
       KE =        1.3445566039714709
-------------------------------------
     Etot =       -1.5650421475832372
