   Eewald =        1.0860628658270803
       EH =        1.9498635235586228
     Eloc =       -4.9165990291115342
      Enl =       -0.0710089134842694
      Exc =       -0.8764697546439101
       KE =        1.2432414388578918
-------------------------------------
     Etot =       -1.5849098689961185
