   Eewald =        0.8718388515044786
       EH =        1.7457656586520856
     Eloc =       -4.3455900810519505
      Enl =       -0.0501972272990078
      Exc =       -0.7738763919926035
       KE =        1.0223761133214526
-------------------------------------
     Etot =       -1.5296830768655449
