   Eewald =        1.7556068587152001
       EH =        2.2224665255722686
     Eloc =       -5.7566123802915774
      Enl =       -0.0532158489027471
      Exc =       -1.0109127282009349
       KE =        1.5363464585442173
-------------------------------------
     Etot =       -1.3063211145635734
