   Eewald =        1.2030686662815557
       EH =        2.0234337477497570
     Eloc =       -5.1378893254856912
      Enl =       -0.0743691020480953
      Exc =       -0.9134144911797133
       KE =        1.3280577296619760
-------------------------------------
     Etot =       -1.5711127750202114
