   Eewald =        0.8607905571325780
       EH =        1.7323752517888695
     Eloc =       -4.3107739685228834
      Enl =       -0.0490141940460117
      Exc =       -0.7675570129256687
       KE =        1.0107440680009661
-------------------------------------
     Etot =       -1.5234352985721502
