   Eewald =        2.2828329200805126
       EH =        2.3045158231830847
     Eloc =       -6.0173003158818599
      Enl =       -0.0308768946727984
      Exc =       -1.0521157288493594
       KE =        1.6129955435170409
-------------------------------------
     Etot =       -0.8999486526233800
