   Eewald =        0.9244177322871308
       EH =        1.8091433492364262
     Eloc =       -4.5180298961604120
      Enl =       -0.0572382624563132
      Exc =       -0.8076034613677061
       KE =        1.0918019689060796
-------------------------------------
     Etot =       -1.5575085695547952
