   Eewald =        2.6627915877698967
       EH =        2.3322901045304625
     Eloc =       -6.1111158193505162
      Enl =       -0.0200853347861059
      Exc =       -1.0686424355271948
       KE =        1.6416038635686405
-------------------------------------
     Etot =       -0.5631580337948172
