   Eewald =        0.9821073883526009
       EH =        1.8660767014450592
     Eloc =       -4.6765200637286712
      Enl =       -0.0634165868810733
      Exc =       -0.8360820384549049
       KE =        1.1528471006932319
-------------------------------------
     Etot =       -1.5749874985737571
