   Eewald =        0.8877515492681201
       EH =        1.7672154438135514
     Eloc =       -4.4040567313703143
      Enl =       -0.0527042050025149
      Exc =       -0.7860927240226826
       KE =        1.0476416829726813
-------------------------------------
     Etot =       -1.5402449843411590
