   Eewald =        1.0696195657300223
       EH =        1.9377139519246571
     Eloc =       -4.8824452556660249
      Enl =       -0.0702425569168112
      Exc =       -0.8714007901834863
       KE =        1.2320098045636545
-------------------------------------
     Etot =       -1.5847452805479887
