   Eewald =        1.4129493261849515
       EH =        2.1210659051722955
     Eloc =       -5.4381949432757724
      Enl =       -0.0699515251578154
      Exc =       -0.9611754625242698
       KE =        1.4341508919088348
-------------------------------------
     Etot =       -1.5011558076917753
