   Eewald =        0.8673494663449108
       EH =        1.7412434489084978
     Eloc =       -4.3344044317161083
      Enl =       -0.0499491504409022
      Exc =       -0.7723502229026811
       KE =        1.0202026384883498
-------------------------------------
     Etot =       -1.5279082513179330
