   Eewald =        0.9686047096444130
       EH =        1.8541220746368117
     Eloc =       -4.6443617895654192
      Enl =       -0.0624429892374520
      Exc =       -0.8313190006727544
       KE =        1.1430604062690515
-------------------------------------
     Etot =       -1.5723365889253493
