   Eewald =        1.1659537137595080
       EH =        2.0009754619084075
     Eloc =       -5.0726979416182205
      Enl =       -0.0739923813923365
      Exc =       -0.9037792259825186
       KE =        1.3064274651470009
-------------------------------------
     Etot =       -1.5771129081781592
