   Eewald =        1.0483503372789331
       EH =        1.9215254234125887
     Eloc =       -4.8371908816941902
      Enl =       -0.0691307840014251
      Exc =       -0.8646746912691625
       KE =        1.2171843386288139
-------------------------------------
     Etot =       -1.5839362576444418
