   Eewald =        0.8612128358356124
       EH =        1.7350353086190009
     Eloc =       -4.3191052326622295
      Enl =       -0.0496131562357881
      Exc =       -0.7702668751972616
       KE =        1.0172823325328892
-------------------------------------
     Etot =       -1.5254547871077764
