   Eewald =        0.8549864419119273
       EH =        1.7265138437218777
     Eloc =       -4.2964576499713019
      Enl =       -0.0487185688018067
      Exc =       -0.7656417481947296
       KE =        1.0082392301232799
-------------------------------------
     Etot =       -1.5210784512107536
