   Eewald =        1.5937651950641267
       EH =        2.1783298012852770
     Eloc =       -5.6221095932820457
      Enl =       -0.0612412656480674
      Exc =       -0.9912504959889277
       KE =        1.4973629009276803
-------------------------------------
     Etot =       -1.4051434576419566
