   Eewald =        2.0835449412231988
       EH =        2.2702490658915941
     Eloc =       -5.9217313559027200
      Enl =       -0.0377309903479817
      Exc =       -1.0405195496623472
       KE =        1.5925190528283342
-------------------------------------
     Etot =       -1.0536688359699216
