   Eewald =        1.9091099326758250
       EH =        2.2478770219115471
     Eloc =       -5.8442276900238426
      Enl =       -0.0454636143170584
      Exc =       -1.0265909529986699
       KE =        1.5666290869285358
-------------------------------------
     Etot =       -1.1926662158236625
