   Eewald =        0.9149949309627348
       EH =        1.8000161752260817
     Eloc =       -4.4943470926426299
      Enl =       -0.0565543127834125
      Exc =       -0.8041530567302630
       KE =        1.0854303130441443
-------------------------------------
     Etot =       -1.5546130429233445
