   Eewald =        0.8805221391805761
       EH =        1.7599439566725734
     Eloc =       -4.3857382117104660
      Enl =       -0.0522429525316430
      Exc =       -0.7835054597035835
       KE =        1.0434660653105923
-------------------------------------
     Etot =       -1.5375544627819508
