   Eewald =        1.3401288915566538
       EH =        2.0894001331924943
     Eloc =       -5.3433670822409445
      Enl =       -0.0723874120818562
      Exc =       -0.9472790301512833
       KE =        1.4042056034206178
-------------------------------------
     Etot =       -1.5292988963043179
