   Eewald =        0.9524015758121871
       EH =        1.8394443974627166
     Eloc =       -4.6051878025035595
      Enl =       -0.0612468808032139
      Exc =       -0.8255116738555017
       KE =        1.1313132715825485
-------------------------------------
     Etot =       -1.5687871123048232
