   Eewald =        1.7355174440532670
       EH =        2.2035048356083209
     Eloc =       -5.7177139120357205
      Enl =       -0.0532361296321310
      Exc =       -1.0105115964834981
       KE =        1.5362047079997645
-------------------------------------
     Etot =       -1.3062346504899975
