   Eewald =        1.1246816529491530
       EH =        1.9744338423748162
     Eloc =       -4.9962097812296804
      Enl =       -0.0731071719247798
      Exc =       -0.8924481464610704
       KE =        1.2809780390868712
-------------------------------------
     Etot =       -1.5816715652046902
