   Eewald =        1.6450477119384388
       EH =        2.1864288327470072
     Eloc =       -5.6566125275379644
      Enl =       -0.0581715936706367
      Exc =       -0.9990916032521452
       KE =        1.5134944632048173
-------------------------------------
     Etot =       -1.3689047165704831
