   Eewald =        0.8477305183798358
       EH =        1.7191498339275526
     Eloc =       -4.2785550211189767
      Enl =       -0.0483534750154620
      Exc =       -0.7632532040942513
       KE =        1.0051843098250060
-------------------------------------
     Etot =       -1.5180970380962955
