   Eewald =        1.4498908958752492
       EH =        2.1292033667930035
     Eloc =       -5.4731894761100959
      Enl =       -0.0679590551254534
      Exc =       -0.9694740228349407
       KE =        1.4524275315873878
-------------------------------------
     Etot =       -1.4791007598148493
