   Eewald =        0.8715703269815707
       EH =        1.7508753174221454
     Eloc =       -4.3630064561965680
      Enl =       -0.0516788643806715
      Exc =       -0.7803018828181564
       KE =        1.0383970208860245
-------------------------------------
     Etot =       -1.5341445381056553
