   Eewald =        0.9034706684169911
       EH =        1.7887205371415835
     Eloc =       -4.4652005006484154
      Enl =       -0.0557231009840127
      Exc =       -0.7999116106722913
       KE =        1.0777367062108287
-------------------------------------
     Etot =       -1.5509073005353158
