   Eewald =        0.8535594431231467
       EH =        1.7272433980770618
     Eloc =       -4.3000038675835297
      Enl =       -0.0491991336571043
      Exc =       -0.7676710875130002
       KE =        1.0137203226599483
-------------------------------------
     Etot =       -1.5223509248934772
