   Eewald =        1.0235615364157620
       EH =        1.9019724533639675
     Eloc =       -4.7829546916265810
      Enl =       -0.0676918578881464
      Exc =       -0.8566017438679974
       KE =        1.1995864495808903
-------------------------------------
     Etot =       -1.5821278540221049
