   Eewald =        1.2654092686581384
       EH =        2.0529911879277787
     Eloc =       -5.2351336995313194
      Enl =       -0.0740049064707290
      Exc =       -0.9313744757154705
       KE =        1.3692962331689711
-------------------------------------
     Etot =       -1.5528163919626308
