   Eewald =        0.8445602238780691
       EH =        1.7180321999142620
     Eloc =       -4.2775448064446557
      Enl =       -0.0487203290002669
      Exc =       -0.7646316167593928
       KE =        1.0096643153565945
-------------------------------------
     Etot =       -1.5186400130553901
