   Eewald =        1.4528056934104812
       EH =        2.1243316025887915
     Eloc =       -5.4680117939889259
      Enl =       -0.0673845548958115
      Exc =       -0.9714718246763574
       KE =        1.4570602598388200
-------------------------------------
     Etot =       -1.4726706177230025
