   Eewald =        0.8391749139214228
       EH =        1.7104148651741373
     Eloc =       -4.2574416915861049
      Enl =       -0.0479295619377682
      Exc =       -0.7604462181478220
       KE =        1.0016951860668490
-------------------------------------
     Etot =       -1.5145325065092858
