   Eewald =        0.9965591627711474
       EH =        1.8798025916332115
     Eloc =       -4.7220340147030715
      Enl =       -0.0659625754087822
      Exc =       -0.8475175950774817
       KE =        1.1800752914670425
-------------------------------------
     Etot =       -1.5790771393179344
