   Eewald =        1.1937241558980309
       EH =        2.0137359592749231
     Eloc =       -5.1196918492135604
      Enl =       -0.0744198486585697
      Exc =       -0.9143366473517159
       KE =        1.3313537548483256
-------------------------------------
     Etot =       -1.5696344752025664
