   Eewald =        1.0818860803121098
       EH =        1.9449400083507715
     Eloc =       -4.9121685196381524
      Enl =       -0.0716399778836421
      Exc =       -0.8799556640987556
       KE =        1.2530290707550784
-------------------------------------
     Etot =       -1.5839090022025903
