   Eewald =        0.8902235907153233
       EH =        1.7755594675482997
     Eloc =       -4.4314696440840953
      Enl =       -0.0547774488244327
      Exc =       -0.7950115400551034
       KE =        1.0690486223207405
-------------------------------------
     Etot =       -1.5464269523792680
