   Eewald =        0.9341741385972702
       EH =        1.8226075929884473
     Eloc =       -4.5605197913084927
      Enl =       -0.0598907829180509
      Exc =       -0.8189058399685474
       KE =        1.1182203874178915
-------------------------------------
     Etot =       -1.5643142951914819
