   Eewald =        1.3275482458854657
       EH =        2.0780935687889230
     Eloc =       -5.3196033088091736
      Enl =       -0.0724040040702778
      Exc =       -0.9469475795380911
       KE =        1.4042231562404464
-------------------------------------
     Etot =       -1.5290899215027078
