   Eewald =        0.8611320107757554
       EH =        1.7402124054983137
     Eloc =       -4.3364413632829653
      Enl =       -0.0510314227349847
      Exc =       -0.7765687424703446
       KE =        1.0326361057218365
-------------------------------------
     Etot =       -1.5300610064923890
