   Eewald =        1.5034127914753590
       EH =        2.1368077290830012
     Eloc =       -5.5145131300998713
      Enl =       -0.0646722583184027
      Exc =       -0.9807333750330691
       KE =        1.4766022629283189
-------------------------------------
     Etot =       -1.4430959799646641
