   Eewald =        1.0394096367642840
       EH =        1.9135891850395821
     Eloc =       -4.8239070495588905
      Enl =       -0.0696467741864600
      Exc =       -0.8667877847735761
       KE =        1.2238586388754342
-------------------------------------
     Etot =       -1.5834841478396262
