   Eewald =        0.8494389766249074
       EH =        1.7281529389225723
     Eloc =       -4.3066204987747216
      Enl =       -0.0503200602345715
      Exc =       -0.7723936530743416
       KE =        1.0263889514832072
-------------------------------------
     Etot =       -1.5253533450529480
