   Eewald =        0.8294722286740011
       EH =        1.7004413163550409
     Eloc =       -4.2334986480477559
      Enl =       -0.0474577118591932
      Exc =       -0.7572772421639621
       KE =        0.9978926330512865
-------------------------------------
     Etot =       -1.5104274239905828
