   Eewald =        0.8343858131517405
       EH =        1.7075400223820287
     Eloc =       -4.2521426371038968
      Enl =       -0.0481891709453021
      Exc =       -0.7612083871657520
       KE =        1.0052471578406377
-------------------------------------
     Etot =       -1.5143672018405439
