   Eewald =        1.1274402159043038
       EH =        1.9731892378897942
     Eloc =       -5.0019391009309651
      Enl =       -0.0735780389155805
      Exc =       -0.8968759413987156
       KE =        1.2921861483372679
-------------------------------------
     Etot =       -1.5795774791138952
