   Eewald =        0.9684211057420724
       EH =        1.8557148856228862
     Eloc =       -4.6565480811915698
      Enl =       -0.0640107951277938
      Exc =       -0.8377355526562152
       KE =        1.1594792668436398
-------------------------------------
     Etot =       -1.5746791707669807
