   Eewald =        0.8756145216177209
       EH =        1.7608295790373434
     Eloc =       -4.3940186924057256
      Enl =       -0.0537500658938926
      Exc =       -0.7895847003554947
       KE =        1.0596915738064951
-------------------------------------
     Etot =       -1.5412177841935533
