   Eewald =        1.3078643947706974
       EH =        2.0640504894376615
     Eloc =       -5.2866997819248276
      Enl =       -0.0726761092337561
      Exc =       -0.9448458266972943
       KE =        1.4001402832585461
-------------------------------------
     Etot =       -1.5321665503889730
