   Eewald =        1.2249268805688693
       EH =        2.0270003336126705
     Eloc =       -5.1679045356700142
      Enl =       -0.0743372366786011
      Exc =       -0.9245863366613041
       KE =        1.3550145612030913
-------------------------------------
     Etot =       -1.5598863336252884
