   Eewald =        0.9145334745796899
       EH =        1.8039609427796650
     Eloc =       -4.5115720890328905
      Enl =       -0.0584041651868710
      Exc =       -0.8116578551909630
       KE =        1.1042106668590717
-------------------------------------
     Etot =       -1.5589290251922980
