   Eewald =        1.3373468334322185
       EH =        2.0727256744072511
     Eloc =       -5.3210017579514979
      Enl =       -0.0715358809810436
      Exc =       -0.9523075703053461
       KE =        1.4166309640177417
-------------------------------------
     Etot =       -1.5181417373806765
