   Eewald =        1.0674040805013316
       EH =        1.9324261517573167
     Eloc =       -4.8853938877609462
      Enl =       -0.0716739883900141
      Exc =       -0.8794977633246541
       KE =        1.2532962501266962
-------------------------------------
     Etot =       -1.5834391570902702
