   Eewald =        0.8187877021677628
       EH =        1.6893762062626574
     Eloc =       -4.2071426279451511
      Enl =       -0.0469494718355663
      Exc =       -0.7538080563679317
       KE =        0.9939039288997695
-------------------------------------
     Etot =       -1.5058323188184590
