   Eewald =        0.8599946066282230
       EH =        1.7448316569652382
     Eloc =       -4.3537138777146112
      Enl =       -0.0526719768459617
      Exc =       -0.7837619796621050
       KE =        1.0499769612356968
-------------------------------------
     Etot =       -1.5353446093935195
