   Eewald =        1.2125261737345450
       EH =        2.0124598905723543
     Eloc =       -5.1414182304478580
      Enl =       -0.0743090034689088
      Exc =       -0.9257844459985680
       KE =        1.3585502826405180
-------------------------------------
     Etot =       -1.5579753329679173
