   Eewald =        1.1951803975804014
       EH =        2.0067318345113123
     Eloc =       -5.1167132774471042
      Enl =       -0.0744612595883795
      Exc =       -0.9197267955457358
       KE =        1.3447186719908906
-------------------------------------
     Etot =       -1.5642704284986151
