   Eewald =        0.8232184624580778
       EH =        1.6959272506940073
     Eloc =       -4.2242579998653129
      Enl =       -0.0476191551646077
      Exc =       -0.7574696323965278
       KE =        1.0006149570117291
-------------------------------------
     Etot =       -1.5095861172626344
