   Eewald =        0.9400114302145713
       EH =        1.8303618065729448
     Eloc =       -4.5884506503858136
      Enl =       -0.0619214045379707
      Exc =       -0.8275571410242920
       KE =        1.1385951670402894
-------------------------------------
     Etot =       -1.5689607921202706
