   Eewald =        1.1389115179281621
       EH =        1.9772023027614227
     Eloc =       -5.0222258522898997
      Enl =       -0.0740482139408247
      Exc =       -0.9029815756815597
       KE =        1.3067054318256965
-------------------------------------
     Etot =       -1.5764363893970024
