   Eewald =        0.8940297371995782
       EH =        1.7839742041316284
     Eloc =       -4.4596584162747641
      Enl =       -0.0568522142234197
      Exc =       -0.8039764863224680
       KE =        1.0897964920085172
-------------------------------------
     Etot =       -1.5526866834809279
