   Eewald =        0.8367297538985878
       EH =        1.7149092952411626
     Eloc =       -4.2741491621157097
      Enl =       -0.0495643299792981
      Exc =       -0.7678679577448959
       KE =        1.0198602170450355
-------------------------------------
     Etot =       -1.5200821836551175
