   Eewald =        0.9984588727893161
       EH =        1.8812829502578863
     Eloc =       -4.7341968162670716
      Enl =       -0.0672563839675357
      Exc =       -0.8533565427123110
       KE =        1.1946081427346122
-------------------------------------
     Etot =       -1.5804597771651037
