   Eewald =        0.8072798920574548
       EH =        1.6773629094920446
     Eloc =       -4.1787788907651562
      Enl =       -0.0464159241684257
      Exc =       -0.7500993783232868
       KE =        0.9898523512867861
-------------------------------------
     Etot =       -1.5007990404205833
