   Eewald =        0.8232238646657845
       EH =        1.7006830426121553
     Eloc =       -4.2396000284143005
      Enl =       -0.0487823473753634
      Exc =       -0.7630789384574164
       KE =        1.0132429249432056
-------------------------------------
     Etot =       -1.5143114820259349
