   Eewald =        0.9596903180782121
       EH =        1.8486817551115784
     Eloc =       -4.6450764212588416
      Enl =       -0.0646389896257874
      Exc =       -0.8399700149673579
       KE =        1.1661709580034842
-------------------------------------
     Etot =       -1.5751423946587120
