   Eewald =        0.8731075864963639
       EH =        1.7630713658512889
     Eloc =       -4.4059594593263807
      Enl =       -0.0552859970898960
      Exc =       -0.7960504630347017
       KE =        1.0754436831891996
-------------------------------------
     Etot =       -1.5456732839141261
