   Eewald =        1.1051875754730454
       EH =        1.9528339139958941
     Eloc =       -4.9595753250054839
      Enl =       -0.0736199611060053
      Exc =       -0.8963341040570384
       KE =        1.2923421816713734
-------------------------------------
     Etot =       -1.5791657190282151
