   Eewald =        1.0663621404906920
       EH =        1.9294182293832134
     Eloc =       -4.8847893614781430
      Enl =       -0.0721295855687972
      Exc =       -0.8824687822801107
       KE =        1.2607580690387070
-------------------------------------
     Etot =       -1.5828492904144380
