   Eewald =        0.9119441815685720
       EH =        1.8042816829941102
     Eloc =       -4.5193092365135641
      Enl =       -0.0597817136096467
      Exc =       -0.8172159813796069
       KE =        1.1180390403768108
-------------------------------------
     Etot =       -1.5620420265633248
