   Eewald =        0.8112311842941236
       EH =        1.6833598824572036
     Eloc =       -4.1943464957034271
      Enl =       -0.0470232319609365
      Exc =       -0.7534856644600147
       KE =        0.9959123892991124
-------------------------------------
     Etot =       -1.5043519360739392
