   Eewald =        1.1151167552784527
       EH =        1.9562716802804829
     Eloc =       -4.9767683289783990
      Enl =       -0.0740010837234948
      Exc =       -0.9012800716174065
       KE =        1.3038088865922501
-------------------------------------
     Etot =       -1.5768521621681149
