   Eewald =        0.8436708577490072
       EH =        1.7278437602132974
     Eloc =       -4.3113510522813003
      Enl =       -0.0515717967442981
      Exc =       -0.7776659635985547
       KE =        1.0401922523232754
-------------------------------------
     Etot =       -1.5288819423385731
