   Eewald =        1.0135514753186778
       EH =        1.8923457203622303
     Eloc =       -4.7726084207194814
      Enl =       -0.0690425637036376
      Exc =       -0.8625963561670590
       KE =        1.2159654631702239
-------------------------------------
     Etot =       -1.5823846817390457
