   Eewald =        1.0318005104268078
       EH =        1.9025519570878688
     Eloc =       -4.8157736109153291
      Enl =       -0.0711270586747351
      Exc =       -0.8747618035244618
       KE =        1.2441721566425885
-------------------------------------
     Etot =       -1.5831378489572607
