   Eewald =        0.8269432514314954
       EH =        1.7101575078733171
     Eloc =       -4.2677399188461678
      Enl =       -0.0504758387046374
      Exc =       -0.7714215794375124
       KE =        1.0306075947289330
-------------------------------------
     Etot =       -1.5219289829545719
