   Eewald =        0.8846901599412114
       EH =        1.7779589382792400
     Eloc =       -4.4505029314837543
      Enl =       -0.0576708183456462
      Exc =       -0.8069244444129766
       KE =        1.0983310010116500
-------------------------------------
     Etot =       -1.5541180950102758
