   Eewald =        0.8521607777958228
       EH =        1.7416123815879687
     Eloc =       -4.3515195436681013
      Enl =       -0.0537452843416017
      Exc =       -0.7880368328550356
       KE =        1.0615133149143061
-------------------------------------
     Etot =       -1.5380151865666407
