   Eewald =        0.7951276252344306
       EH =        1.6645708886914765
     Eloc =       -4.1488678867528117
      Enl =       -0.0458687191399821
      Exc =       -0.7462195140733842
       KE =        0.9858637975494670
-------------------------------------
     Etot =       -1.4953938084908041
