   Eewald =        0.9234711517179486
       EH =        1.8164821826221349
     Eloc =       -4.5583475381672116
      Enl =       -0.0619568193660427
      Exc =       -0.8269175950124040
       KE =        1.1393061993366209
-------------------------------------
     Etot =       -1.5679624188689538
