   Eewald =        0.7986154888130299
       EH =        1.6700151403240471
     Eloc =       -4.1629009816206111
      Enl =       -0.0464145774162634
      Exc =       -0.7493292052740610
       KE =        0.9912789430404871
-------------------------------------
     Etot =       -1.4987351921333716
