   Eewald =        1.0369871639243611
       EH =        1.9042153761915719
     Eloc =       -4.8271184676320011
      Enl =       -0.0717355163684646
      Exc =       -0.8788268497051198
       KE =        1.2535860342891203
-------------------------------------
     Etot =       -1.5828922593005323
