   Eewald =        0.9655075760991944
       EH =        1.8534863024271386
     Eloc =       -4.6652133566889269
      Enl =       -0.0660371511402721
      Exc =       -0.8464243471416496
       KE =        1.1810752225894490
-------------------------------------
     Etot =       -1.5776057538550665
