   Eewald =        1.0047412245142879
       EH =        1.8840582008138158
     Eloc =       -4.7568000425854384
      Enl =       -0.0692315071264766
      Exc =       -0.8632332176003905
       KE =        1.2182062594702943
-------------------------------------
     Etot =       -1.5822590825139076
