   Eewald =        0.8091523046791795
       EH =        1.6856991141600326
     Eloc =       -4.2035904211817998
      Enl =       -0.0479921407966966
      Exc =       -0.7581208854405374
       KE =        1.0067287384776011
-------------------------------------
     Etot =       -1.5081232901022208
