   Eewald =        0.9821754905299118
       EH =        1.8883785629054208
     Eloc =       -4.7234478782907345
      Enl =       -0.0619527198211590
      Exc =       -0.8852376867879295
       KE =        1.1887504462080718
-------------------------------------
     Etot =       -1.6113337852564185
