   Eewald =        0.8684777322309456
       EH =        1.7591575524445584
     Eloc =       -4.3753600619192463
      Enl =       -0.0482746713855486
      Exc =       -0.8141001516414967
       KE =        1.0517834221013715
-------------------------------------
     Etot =       -1.5583161781694161
