   Eewald =        1.7618636948440560
       EH =        2.2571783318812004
     Eloc =       -5.8299301871093752
      Enl =       -0.0493495544446220
      Exc =       -1.0784026850286159
       KE =        1.5813502462672848
-------------------------------------
     Etot =       -1.3572901535900717
