   Eewald =        0.8795044641753793
       EH =        1.7742719066653059
     Eloc =       -4.4150641483528608
      Enl =       -0.0498449625485576
      Exc =       -0.8228885920688507
       KE =        1.0679510918479769
-------------------------------------
     Etot =       -1.5660702402816071
