   Eewald =        3.1382917832895210
       EH =        2.4026097052979956
     Eloc =       -6.2843603988783103
      Enl =       -0.0043059240454074
      Exc =       -1.1558224835480879
       KE =        1.7076804861469268
-------------------------------------
     Etot =       -0.1959068317373618
