   Eewald =        1.1000717941591978
       EH =        1.9846587185229978
     Eloc =       -4.9981578476719717
      Enl =       -0.0704568393588898
      Exc =       -0.9358822171247837
       KE =        1.2945762057861030
-------------------------------------
     Etot =       -1.6251901856873463
