   Eewald =        0.9148034103023162
       EH =        1.8180710958807851
     Eloc =       -4.5314961740860964
      Enl =       -0.0544623913501360
      Exc =       -0.8474456570911629
       KE =        1.1141174544694430
-------------------------------------
     Etot =       -1.5864122618748511
