   Eewald =        1.3138306169639251
       EH =        2.1081581273407419
     Eloc =       -5.3679896200216897
      Enl =       -0.0714732665015409
      Exc =       -1.0004922787155925
       KE =        1.4307797995136851
-------------------------------------
     Etot =       -1.5871866214204713
