   Eewald =        1.6830165240093602
       EH =        2.1795491474250257
     Eloc =       -5.6730307453186279
      Enl =       -0.0493665517849641
      Exc =       -1.0773916585411636
       KE =        1.5799652996944022
-------------------------------------
     Etot =       -1.3572579845159676
