   Eewald =        0.7179488865987280
       EH =        1.6083747210427470
     Eloc =       -4.0486584521849442
      Enl =       -0.0451107530920480
      Exc =       -0.7898669244864371
       KE =        1.0345034928923758
-------------------------------------
     Etot =       -1.5228090292295784
