   Eewald =        0.7497576663290031
       EH =        1.6538411253317669
     Eloc =       -4.1580058567081304
      Enl =       -0.0488301303917573
      Exc =       -0.8129757015285001
       KE =        1.0678244324046744
-------------------------------------
     Etot =       -1.5483884645629435
