   Eewald =        0.8800696644618604
       EH =        1.7955317020323724
     Eloc =       -4.5290354704639650
      Enl =       -0.0620800682664763
      Exc =       -0.8834145317831367
       KE =        1.1904189285963578
-------------------------------------
     Etot =       -1.6085097754229873
