   Eewald =        0.6947918403646267
       EH =        1.5695561087828995
     Eloc =       -3.9591521916328394
      Enl =       -0.0420929317677806
      Exc =       -0.7690563396104884
       KE =        1.0066287353713885
-------------------------------------
     Etot =       -1.4993247784921937
