   Eewald =        0.8006683855928760
       EH =        1.7156138726194934
     Eloc =       -4.3144620409107040
      Enl =       -0.0543452906949394
      Exc =       -0.8436930645831031
       KE =        1.1174270806050479
-------------------------------------
     Etot =       -1.5787910573713295
