   Eewald =        0.7004056894533486
       EH =        1.5796121754349992
     Eloc =       -3.9819890862842389
      Enl =       -0.0428646049902019
      Exc =       -0.7745923274378784
       KE =        1.0139183357542834
-------------------------------------
     Etot =       -1.5055098180696884
