   Eewald =        1.2287946640270246
       EH =        2.0258776932859499
     Eloc =       -5.2003924644025901
      Enl =       -0.0715278878386070
      Exc =       -0.9992662056255329
       KE =        1.4295135163335404
-------------------------------------
     Etot =       -1.5870006842202153
