   Eewald =        3.0645517520266798
       EH =        2.3294662459929860
     Eloc =       -6.1371458426845606
      Enl =       -0.0043183938791382
      Exc =       -1.1550817757844525
       KE =        1.7066490886749233
-------------------------------------
     Etot =       -0.1958789256535622
