   Eewald =        1.0074391173705615
       EH =        1.8975748622705262
     Eloc =       -4.8185722402309930
      Enl =       -0.0705745711620238
      Exc =       -0.9344923016321086
       KE =        1.2942843350607391
-------------------------------------
     Etot =       -1.6243407983232985
