   Eewald =        0.6098658887409124
       EH =        1.4952445947610358
     Eloc =       -3.8085111809067023
      Enl =       -0.0425972483730992
      Exc =       -0.7723179007011238
       KE =        1.0266907790157109
-------------------------------------
     Etot =       -1.4916250674632661
