   Eewald =        0.5922209927729909
       EH =        1.4657658683376924
     Eloc =       -3.7466394972258730
      Enl =       -0.0408406704807116
      Exc =       -0.7589111190759430
       KE =        1.0158854533731905
-------------------------------------
     Etot =       -1.4725189722986540
