   Eewald =        0.6762903117817352
       EH =        1.5868038969778426
     Eloc =       -4.0196537509746921
      Enl =       -0.0489664233128478
      Exc =       -0.8134632144445737
       KE =        1.0734611237033005
-------------------------------------
     Etot =       -1.5455280562692355
