   Eewald =        3.0159501959118371
       EH =        2.2810179715738346
     Eloc =       -6.0401727315614258
      Enl =       -0.0043312256325795
      Exc =       -1.1550124653111367
       KE =        1.7067430195191480
-------------------------------------
     Etot =       -0.1958052355003228
