   Eewald =        0.8178999022348673
       EH =        1.7355839775530246
     Eloc =       -4.4074438766049191
      Enl =       -0.0621352840252399
      Exc =       -0.8832688855738223
       KE =        1.1913730002542482
-------------------------------------
     Etot =       -1.6079911661618413
