   Eewald =        0.5822255924700974
       EH =        1.4469424180079831
     Eloc =       -3.7089048478961542
      Enl =       -0.0397649408057200
      Exc =       -0.7499455568807687
       KE =        1.0093262416694933
-------------------------------------
     Etot =       -1.4601210934350692
