   Eewald =        0.7333907316187992
       EH =        1.6524065983512688
     Eloc =       -4.1851329509511617
      Enl =       -0.0544449721729091
      Exc =       -0.8438189623658962
       KE =        1.1200172592025794
-------------------------------------
     Etot =       -1.5775822963173198
