   Eewald =        1.6317811895949905
       EH =        2.1286062070159475
     Eloc =       -5.5709344545483646
      Enl =       -0.0493776924589734
      Exc =       -1.0772681560280963
       KE =        1.5800321625920941
-------------------------------------
     Etot =       -1.3571607438324023
