   Eewald =        0.6368836703026934
       EH =        1.5351776937040735
     Eloc =       -3.8972982580563400
      Enl =       -0.0451892036823361
      Exc =       -0.7901318284462906
       KE =        1.0442620369612192
-------------------------------------
     Etot =       -1.5162958892169800
