   Eewald =        1.1744917266539774
       EH =        1.9721160730663068
     Eloc =       -5.0924191516692359
      Enl =       -0.0715406522793221
      Exc =       -0.9990605617080730
       KE =        1.4295548735911980
-------------------------------------
     Etot =       -1.5868576923451490
