   Eewald =        0.9495356539058337
       EH =        1.8407925532060789
     Eloc =       -4.7040840429696500
      Enl =       -0.0706045255226322
      Exc =       -0.9342561711791906
       KE =        1.2945238910256354
-------------------------------------
     Etot =       -1.6240926415339247
