   Eewald =        0.5789851548206304
       EH =        1.4402878808997075
     Eloc =       -3.6959223658561835
      Enl =       -0.0393898227987461
      Exc =       -0.7466495989417028
       KE =        1.0069222622798932
-------------------------------------
     Etot =       -1.4557664895964013
