   Eewald =        0.9098361407861987
       EH =        1.8015632169330735
     Eloc =       -4.6253090613421657
      Enl =       -0.0706145107466229
      Exc =       -0.9342725119164689
       KE =        1.2947929437017092
-------------------------------------
     Etot =       -1.6240037825842764
