   Eewald =        0.6286116876645110
       EH =        1.5410931233680927
     Eloc =       -3.9269561704485652
      Enl =       -0.0490135372103487
      Exc =       -0.8137320625435547
       KE =        1.0749527582960772
-------------------------------------
     Etot =       -1.5450442008737877
