   Eewald =        0.5153872675953930
       EH =        1.3855215361379243
     Eloc =       -3.5853281551366298
      Enl =       -0.0398280661120303
      Exc =       -0.7513848785717296
       KE =        1.0250923723956993
-------------------------------------
     Etot =       -1.4505399236913730
