   Eewald =        0.5045482085676828
       EH =        1.3668364426561785
     Eloc =       -3.5511228865879585
      Enl =       -0.0390416581999180
      Exc =       -0.7444127197069719
       KE =        1.0257044204036416
-------------------------------------
     Etot =       -1.4374881928673455
