   Eewald =        1.1367770714709506
       EH =        1.9346929560118660
     Eloc =       -5.0173936409917204
      Enl =       -0.0715481639929066
      Exc =       -0.9990808234869205
       KE =        1.4297520753584623
-------------------------------------
     Etot =       -1.5868005256302689
