   Eewald =        0.7759218349346797
       EH =        1.6943271362463421
     Eloc =       -4.3244078388405258
      Enl =       -0.0621533006420697
      Exc =       -0.8832819356407279
       KE =        1.1917466994941699
-------------------------------------
     Etot =       -1.6078474044481319
