   Eewald =        0.5543215880137548
       EH =        1.4444365939567005
     Eloc =       -3.7045283887507741
      Enl =       -0.0427271281758422
      Exc =       -0.7735997360517345
       KE =        1.0326294592059326
-------------------------------------
     Etot =       -1.4894676118019630
