   Eewald =        0.6887792660655616
       EH =        1.6089887472397053
     Eloc =       -4.0974722016043792
      Enl =       -0.0544727684582747
      Exc =       -0.8439053136655430
       KE =        1.1207512971831592
-------------------------------------
     Etot =       -1.5773309732397709
