   Eewald =        0.5856050440918545
       EH =        1.4871427815318021
     Eloc =       -3.7993614243980955
      Enl =       -0.0452754786940745
      Exc =       -0.7908223657041626
       KE =        1.0474194588864454
-------------------------------------
     Etot =       -1.5152919842862307
