   Eewald =        0.4983136838554627
       EH =        1.3548860238386462
     Eloc =       -3.5303648164403274
      Enl =       -0.0385584886784770
      Exc =       -0.7397158555586415
       KE =        1.0262777108064971
-------------------------------------
     Etot =       -1.4291617421768397
