   Eewald =        0.4962779156327544
       EH =        1.3506275434510961
     Eloc =       -3.5231907779167404
      Enl =       -0.0383870286235572
      Exc =       -0.7379538891264563
       KE =        1.0263677125752348
-------------------------------------
     Etot =       -1.4262585240076686
