   Eewald =        1.5958066441772436
       EH =        2.0927937428821375
     Eloc =       -5.4992328503427252
      Enl =       -0.0493799171518818
      Exc =       -1.0772917100577444
       KE =        1.5801799204704350
-------------------------------------
     Etot =       -1.3571241700225356
