   Eewald =        0.5315695524739825
       EH =        1.4110952950731241
     Eloc =       -3.6351521522888222
      Enl =       -0.0409992887285844
      Exc =       -0.7608465216657520
       KE =        1.0264443639963647
-------------------------------------
     Etot =       -1.4678887511396872
