   Eewald =        2.9815089173973073
       EH =        2.2466643708255902
     Eloc =       -5.9714431687229537
      Enl =       -0.0043306986770511
      Exc =       -1.1550354666931033
       KE =        1.7068554362791402
-------------------------------------
     Etot =       -0.1957806095910699
