   Eewald =        0.4469032364397524
       EH =        1.3082185871580134
     Eloc =       -3.4373422507900737
      Enl =       -0.0387280725977436
      Exc =       -0.7424202897687190
       KE =        1.0404235109396849
-------------------------------------
     Etot =       -1.4229452786190855
