   Eewald =        0.7456153023492398
       EH =        1.6643781378841844
     Eloc =       -4.2642261612915382
      Enl =       -0.0621624276235625
      Exc =       -0.8833139050203145
       KE =        1.1919042890616061
-------------------------------------
     Etot =       -1.6078047646403852
