   Eewald =        0.4356086079217146
       EH =        1.2894982018249199
     Eloc =       -3.4078574683152554
      Enl =       -0.0382413331024432
      Exc =       -0.7374690383785349
       KE =        1.0494123609866903
-------------------------------------
     Etot =       -1.4090486690629087
