   Eewald =        0.4342464087821993
       EH =        1.2868965427957841
     Eloc =       -3.4040304171898006
      Enl =       -0.0381754641991094
      Exc =       -0.7366922440174770
       KE =        1.0505784380440844
-------------------------------------
     Etot =       -1.4071767357843195
