   Eewald =        0.5950316633579422
       EH =        1.5082423203501925
     Eloc =       -3.8607347735490922
      Enl =       -0.0490276127212220
      Exc =       -0.8138220292993357
       KE =        1.0753785955193720
-------------------------------------
     Etot =       -1.5449318363421434
