   Eewald =        0.5164779877497321
       EH =        1.4082004425315269
     Eloc =       -3.6311105193921014
      Enl =       -0.0427650679777159
      Exc =       -0.7739836110953117
       KE =        1.0340741906324438
-------------------------------------
     Etot =       -1.4891065775514261
