   Eewald =        0.4910924453909212
       EH =        1.3729511214183145
     Eloc =       -3.5576622409424079
      Enl =       -0.0410650466318440
      Exc =       -0.7615659337222946
       KE =        1.0290720204498114
-------------------------------------
     Etot =       -1.4671776340374998
