   Eewald =        0.5500400874655302
       EH =        1.4526352387666419
     Eloc =       -3.7296406797568991
      Enl =       -0.0452980443974529
      Exc =       -0.7909995551544085
       KE =        1.0481658421556133
-------------------------------------
     Etot =       -1.5150971109209750
