   Eewald =        0.4574036427272555
       EH =        1.3241220665124185
     Eloc =       -3.4646871893461202
      Enl =       -0.0392021663167680
      Exc =       -0.7466235600566394
       KE =        1.0345447799037697
-------------------------------------
     Etot =       -1.4344424265760838
