   Eewald =        0.8808880358446037
       EH =        1.7728675112021417
     Eloc =       -4.5677308385146445
      Enl =       -0.0706189555028926
      Exc =       -0.9343047109283517
       KE =        1.2949218188964695
-------------------------------------
     Etot =       -1.6239771390026736
