   Eewald =        1.5691491165399079
       EH =        2.0662174525299641
     Eloc =       -5.4460271946853744
      Enl =       -0.0493842034767289
      Exc =       -1.0773082916597043
       KE =        1.5802394867679492
-------------------------------------
     Etot =       -1.3571136339839862
