   Eewald =        1.1090381676623924
       EH =        1.9070989639991944
     Eloc =       -4.9620962098869406
      Enl =       -0.0715521101782536
      Exc =       -0.9991000262108890
       KE =        1.4298271058795893
-------------------------------------
     Etot =       -1.5867841087349068
