   Eewald =        0.6569394139015073
       EH =        1.5776690785780332
     Eloc =       -4.0344480475898097
      Enl =       -0.0544823628199858
      Exc =       -0.8439592470557765
       KE =        1.1210184420399334
-------------------------------------
     Etot =       -1.5772627229460983
