   Eewald =        0.4397600650984912
       EH =        1.2967858183120611
     Eloc =       -3.4189372866688723
      Enl =       -0.0384251095084887
      Exc =       -0.7394750300212856
       KE =        1.0458583618031883
-------------------------------------
     Etot =       -1.4144331809849060
