   Eewald =        2.9558218480179370
       EH =        2.2210176104786137
     Eloc =       -5.9201318993864342
      Enl =       -0.0043324559948841
      Exc =       -1.1550493543607658
       KE =        1.7068999700646548
-------------------------------------
     Etot =       -0.1957742811808791
