   Eewald =        0.4718437899456330
       EH =        1.3453444452803955
     Eloc =       -3.5036505093227412
      Enl =       -0.0399371405678521
      Exc =       -0.7527443783733483
       KE =        1.0300640069501494
-------------------------------------
     Etot =       -1.4490797860877638
