   Eewald =        0.9147896795350688
       EH =        1.7970261735836934
     Eloc =       -4.4832282632897735
      Enl =       -0.0555098104241881
      Exc =       -0.7999231473102594
       KE =        1.0746835377678485
-------------------------------------
     Etot =       -1.5521618301376103
