   Eewald =        0.8684777322309456
       EH =        1.7400983204204652
     Eloc =       -4.3297266142069510
      Enl =       -0.0494105049213263
      Exc =       -0.7700992003664930
       KE =        1.0141424636498866
-------------------------------------
     Etot =       -1.5265178031934732
