   Eewald =        0.8858661597443842
       EH =        1.7627235152525207
     Eloc =       -4.3903405999200045
      Enl =       -0.0518130918395632
      Exc =       -0.7821613917896501
       KE =        1.0383258374460058
-------------------------------------
     Etot =       -1.5373995711063069
