   Eewald =        0.9033957187773336
       EH =        1.7839414028310390
     Eloc =       -4.4476524009704601
      Enl =       -0.0540914430596915
      Exc =       -0.7932098934000389
       KE =        1.0608240680845282
-------------------------------------
     Etot =       -1.5467925477372895
