   Eewald =        0.8795044641753794
       EH =        1.7546499005543879
     Eloc =       -4.3686502693053200
      Enl =       -0.0509531957949195
      Exc =       -0.7778940057028748
       KE =        1.0297293109423560
-------------------------------------
     Etot =       -1.5336137951309907
