   Eewald =        0.8937900364716926
       EH =        1.7724883924170722
     Eloc =       -4.4166629845563516
      Enl =       -0.0528583986972365
      Exc =       -0.7872739717593978
       KE =        1.0486910405609522
-------------------------------------
     Etot =       -1.5418258855632692
