   Eewald =        0.8746398019525210
       EH =        1.7483137234165249
     Eloc =       -4.3516882245625137
      Enl =       -0.0502814053570482
      Exc =       -0.7745191410188947
       KE =        1.0229650996160584
-------------------------------------
     Etot =       -1.5305701459533523
