   Eewald =        0.8712019881765996
       EH =        1.7437612567547809
     Eloc =       -4.3395085578251580
      Enl =       -0.0497984132570481
      Exc =       -0.7720751594186809
       KE =        1.0180815469518953
-------------------------------------
     Etot =       -1.5283373386176113
