   Eewald =        0.8691575551270798
       EH =        1.7410179774954906
     Eloc =       -4.3321792765672376
      Enl =       -0.0495078734648612
      Exc =       -0.7705958828301229
       KE =        1.0151313988984931
-------------------------------------
     Etot =       -1.5269761013411580
