   Eewald =        0.8691029094791636
       EH =        1.7409633112903362
     Eloc =       -4.3320445951731044
      Enl =       -0.0495050103148712
      Exc =       -0.7705778144727141
       KE =        1.0151067742793387
-------------------------------------
     Etot =       -1.5269544249118514
