   Eewald =        0.8937231779163057
       EH =        1.7724218766849447
     Eloc =       -4.4164945725789391
      Enl =       -0.0528541309207656
      Exc =       -0.7872502822089543
       KE =        1.0486523068813702
-------------------------------------
     Etot =       -1.5418016242260384
