   Eewald =        0.8684234059345659
       EH =        1.7400439260057781
     Eloc =       -4.3295927582159095
      Enl =       -0.0494076846429912
      Exc =       -0.7700812332291418
       KE =        1.0141181605445684
-------------------------------------
     Etot =       -1.5264961836031301
