   Eewald =        0.8858033676198753
       EH =        1.7626607630838989
     Eloc =       -4.3901829541948594
      Enl =       -0.0518092763798472
      Exc =       -0.7821394701051048
       KE =        1.0382915655549025
-------------------------------------
     Etot =       -1.5373760044211346
