   Eewald =        0.8745825466352297
       EH =        1.7482564249530101
     Eloc =       -4.3515460121937899
      Enl =       -0.0502782309258799
      Exc =       -0.7744997994490583
       KE =        1.0229372878018390
-------------------------------------
     Etot =       -1.5305477831786494
