   Eewald =        0.8794448416395011
       EH =        1.7545901945810549
     Eloc =       -4.3685013062442666
      Enl =       -0.0509497426998603
      Exc =       -0.7778735247917535
       KE =        1.0296986591222022
-------------------------------------
     Etot =       -1.5335908783931218
