   Eewald =        0.9147113944596402
       EH =        1.7969497788328963
     Eloc =       -4.4830313702987477
      Enl =       -0.0555043487376432
      Exc =       -0.7998948595476669
       KE =        1.0746330757798002
-------------------------------------
     Etot =       -1.5521363295117210
