   Eewald =        0.9033237518144458
       EH =        1.7838703555462396
     Eloc =       -4.4474709677878739
      Enl =       -0.0540866261678951
      Exc =       -0.7931840907236388
       KE =        1.0607799626906607
-------------------------------------
     Etot =       -1.5467676146280618
