   Eewald =        0.8711463764918970
       EH =        1.7437056163212037
     Eloc =       -4.3393710790952023
      Enl =       -0.0497954345898824
      Exc =       -0.7720566206398571
       KE =        1.0180557410007656
-------------------------------------
     Etot =       -1.5283154005110755
