   Eewald =        0.8935227263160169
       EH =        1.7722222494777859
     Eloc =       -4.4159893053009860
      Enl =       -0.0528413467020769
      Exc =       -0.7871790978921114
       KE =        1.0485359972283705
-------------------------------------
     Etot =       -1.5417287768730012
