   Eewald =        0.8682605034752684
       EH =        1.7398807647877335
     Eloc =       -4.3291913039134871
      Enl =       -0.0493992302082372
      Exc =       -0.7700273299465047
       KE =        1.0140452644806008
-------------------------------------
     Etot =       -1.5264313313246261
