   Eewald =        0.8709796224252619
       EH =        1.7435385923972475
     Eloc =       -4.3389585312898209
      Enl =       -0.0497865130414822
      Exc =       -0.7720008854485875
       KE =        1.0179781863713113
-------------------------------------
     Etot =       -1.5282495285860700
