   Eewald =        0.9031079963935431
       EH =        1.7836571450669696
     Eloc =       -4.4469266718983027
      Enl =       -0.0540721973495705
      Exc =       -0.7931065658343910
       KE =        1.0606475498700323
-------------------------------------
     Etot =       -1.5466927437517193
