   Eewald =        0.8792660697298501
       EH =        1.7544109900041385
     Eloc =       -4.3680543454401928
      Enl =       -0.0509393993042919
      Exc =       -0.7778119666205228
       KE =        1.0296065828574779
-------------------------------------
     Etot =       -1.5335220687735414
