   Eewald =        0.8744108676100875
       EH =        1.7480844345090858
     Eloc =       -4.3511192850316238
      Enl =       -0.0502687221215417
      Exc =       -0.7744416620053080
       KE =        1.0228537270268512
-------------------------------------
     Etot =       -1.5304806400124491
