   Eewald =        0.8856150990846460
       EH =        1.7624724260787326
     Eloc =       -4.3897099692082202
      Enl =       -0.0517978472839794
      Exc =       -0.7820735910437080
       KE =        1.0381886389922377
-------------------------------------
     Etot =       -1.5373052433802914
