   Eewald =        0.9144767126966135
       EH =        1.7967205369450192
     Eloc =       -4.4824407430829396
      Enl =       -0.0554879870282020
      Exc =       -0.7998098846730627
       KE =        1.0744816124368777
-------------------------------------
     Etot =       -1.5520597527056941
