   Eewald =        0.8689390500904114
       EH =        1.7407992162199155
     Eloc =       -4.3316404453212662
      Enl =       -0.0494964343043787
      Exc =       -0.7705234975308148
       KE =        1.0150327677167492
-------------------------------------
     Etot =       -1.5268893431293835
