   Eewald =        0.8931901640590947
       EH =        1.7718908211751665
     Eloc =       -4.4151506800394600
      Enl =       -0.0528201536586790
      Exc =       -0.7870608503875234
       KE =        1.0483429539464018
-------------------------------------
     Etot =       -1.5416077449049999
