   Eewald =        0.8789694260909710
       EH =        1.7541134236805560
     Eloc =       -4.3673123801832467
      Enl =       -0.0509222511313689
      Exc =       -0.7777096858150024
       KE =        1.0294537153866941
-------------------------------------
     Etot =       -1.5334077519713971
