   Eewald =        0.8853027206220396
       EH =        1.7621597017804362
     Eloc =       -4.3889248362277931
      Enl =       -0.0517788996744508
      Exc =       -0.7819641346681183
       KE =        1.0380177672563518
-------------------------------------
     Etot =       -1.5371876809115346
