   Eewald =        0.8686671178319798
       EH =        1.7405267057514018
     Eloc =       -4.3309694614479817
      Enl =       -0.0494822152410066
      Exc =       -0.7704332315617086
       KE =        1.0149098616678882
-------------------------------------
     Etot =       -1.5267812229994273
