   Eewald =        0.8707028931323428
       EH =        1.7432612211831566
     Eloc =       -4.3382736161590740
      Enl =       -0.0497717216043499
      Exc =       -0.7719082622403667
       KE =        1.0178493930769070
-------------------------------------
     Etot =       -1.5281400926113839
