   Eewald =        0.8679901570633715
       EH =        1.7396098978484913
     Eloc =       -4.3285249719855434
      Enl =       -0.0493852065363656
      Exc =       -0.7699378434046675
       KE =        1.0139243222322654
-------------------------------------
     Etot =       -1.5263236447824482
