   Eewald =        0.9027500835121495
       EH =        1.7833031908417034
     Eloc =       -4.4460233409183880
      Enl =       -0.0540482791557407
      Exc =       -0.7929777961665533
       KE =        1.0604278045389730
-------------------------------------
     Etot =       -1.5465683373478560
