   Eewald =        0.9140874535540644
       EH =        1.7963400244629475
     Eloc =       -4.4814606521864429
      Enl =       -0.0554608651632871
      Exc =       -0.7996687720062265
       KE =        1.0742303115754235
-------------------------------------
     Etot =       -1.5519324997635209
