   Eewald =        0.8741259770471721
       EH =        1.7477988176268280
     Eloc =       -4.3504108477946062
      Enl =       -0.0502529568616192
      Exc =       -0.7743450510339955
       KE =        1.0227149678883438
-------------------------------------
     Etot =       -1.5303690931278768
