   Eewald =        0.8676112401603553
       EH =        1.7392301143831952
     Eloc =       -4.3275909425252674
      Enl =       -0.0493655634210089
      Exc =       -0.7698123987258576
       KE =        1.0137549453148347
-------------------------------------
     Etot =       -1.5261726048137489
