   Eewald =        0.8703150490714735
       EH =        1.7428722549926579
     Eloc =       -4.3373134280668015
      Enl =       -0.0497510089770267
      Exc =       -0.7717783489061893
       KE =        1.0176689271123438
-------------------------------------
     Etot =       -1.5279865547735429
