   Eewald =        0.8927242535908398
       EH =        1.7714262206263198
     Eloc =       -4.4139754372644333
      Enl =       -0.0527904866763380
      Exc =       -0.7868950744796926
       KE =        1.0480726038612680
-------------------------------------
     Etot =       -1.5414379203420365
