   Eewald =        0.8785537330173059
       EH =        1.7536962044468443
     Eloc =       -4.3662723752143622
      Enl =       -0.0508982417978806
      Exc =       -0.7775662578591266
       KE =        1.0292395732275017
-------------------------------------
     Etot =       -1.5332473641797175
