   Eewald =        0.8848650269050740
       EH =        1.7617212685372003
     Eloc =       -4.3878244253890459
      Enl =       -0.0517523734672003
      Exc =       -0.7818106596240934
       KE =        1.0377784302948974
-------------------------------------
     Etot =       -1.5370227327431678
