   Eewald =        0.9135423075889040
       EH =        1.7958067338428123
     Eloc =       -4.4800874980088734
      Enl =       -0.0554229046879135
      Exc =       -0.7994709888495665
       KE =        1.0738784525679843
-------------------------------------
     Etot =       -1.5517538975466529
