   Eewald =        0.9022487401265860
       EH =        1.7828070675409222
     Eloc =       -4.4447575685621157
      Enl =       -0.0540148007309545
      Exc =       -0.7927972884527615
       KE =        1.0601200931480996
-------------------------------------
     Etot =       -1.5463937569302237
