   Eewald =        0.8682859828993703
       EH =        1.7401445582877912
     Eloc =       -4.3300287953309482
      Enl =       -0.0494623037662920
      Exc =       -0.7703066278546792
       KE =        1.0147376517067108
-------------------------------------
     Etot =       -1.5266295340580471
