   Eewald =        0.8737267193266285
       EH =        1.7473983247918463
     Eloc =       -4.3494177650536967
      Enl =       -0.0502308822276097
      Exc =       -0.7742095625898548
       KE =        1.0225205718980006
-------------------------------------
     Etot =       -1.5302125938546856
