   Eewald =        0.8843034611540591
       EH =        1.7611584732391203
     Eloc =       -4.3864123512176514
      Enl =       -0.0517183690822714
      Exc =       -0.7816137147597809
       KE =        1.0374716987146257
-------------------------------------
     Etot =       -1.5368108019518987
