   Eewald =        0.8921265947582038
       EH =        1.7708322359768400
     Eloc =       -4.4124714083556240
      Enl =       -0.0527522585747038
      Exc =       -0.7866837513551260
       KE =        1.0477288816070738
-------------------------------------
     Etot =       -1.5412197059433361
