   Eewald =        0.8780203150677853
       EH =        1.7531605751703754
     Eloc =       -4.3649376519291128
      Enl =       -0.0508674592838391
      Exc =       -0.7773821834179353
       KE =        1.0289651022425725
-------------------------------------
     Etot =       -1.5330413021501541
