   Eewald =        0.8698172690413755
       EH =        1.7423728115369224
     Eloc =       -4.3360809239170086
      Enl =       -0.0497244474173518
      Exc =       -0.7716115874695882
       KE =        1.0174375794811499
-------------------------------------
     Etot =       -1.5277892987445010
