   Eewald =        0.8732143323783431
       EH =        1.7468841170173830
     Eloc =       -4.3481431321913959
      Enl =       -0.0502025766225774
      Exc =       -0.7740356590291438
       KE =        1.0222713871717675
-------------------------------------
     Etot =       -1.5300115312756235
