   Eewald =        0.9016057696733029
       EH =        1.7821703893768501
     Eloc =       -4.4431337630254868
      Enl =       -0.0539718973661233
      Exc =       -0.7925657152961361
       KE =        1.0597258142975878
-------------------------------------
     Etot =       -1.5461694023400057
