   Eewald =        0.8677967897308227
       EH =        1.7396538501237775
     Eloc =       -4.3288212974133335
      Enl =       -0.0494367684169261
      Exc =       -0.7701441075744779
       KE =        1.0145168787500967
-------------------------------------
     Etot =       -1.5264346548000405
