   Eewald =        0.9128433402695482
       EH =        1.7951224888166395
     Eloc =       -4.4783262756824289
      Enl =       -0.0553742630901608
      Exc =       -0.7992173036437156
       KE =        1.0734276868938335
-------------------------------------
     Etot =       -1.5515243264362839
