   Eewald =        0.8671248859101057
       EH =        1.7387424821306803
     Eloc =       -4.3263920293047882
      Enl =       -0.0493403700789409
      Exc =       -0.7696514002293726
       KE =        1.0135378561478132
-------------------------------------
     Etot =       -1.5259785754245023
