   Eewald =        0.8665317728804383
       EH =        1.7381475883397464
     Eloc =       -4.3249299276650417
      Enl =       -0.0493096742243743
      Exc =       -0.7694551133101796
       KE =        1.0132736318038238
-------------------------------------
     Etot =       -1.5257417221755873
