   Eewald =        0.8692102716091035
       EH =        1.7417635932325584
     Eloc =       -4.3345780546592714
      Enl =       -0.0496920829736468
      Exc =       -0.7714083404753894
       KE =        1.0171560757059412
-------------------------------------
     Etot =       -1.5275485375607045
