   Eewald =        0.8672002267708758
       EH =        1.7390552800746191
     Eloc =       -4.3273488754553622
      Enl =       -0.0494056531488889
      Exc =       -0.7699460275005282
       KE =        1.0142482554933341
-------------------------------------
     Etot =       -1.5261967937659502
