   Eewald =        0.8913982832300306
       EH =        1.7701051439102640
     Eloc =       -4.4106335210905803
      Enl =       -0.0527059540643543
      Exc =       -0.7864245749238817
       KE =        1.0473073088511313
-------------------------------------
     Etot =       -1.5409533140873903
