   Eewald =        0.8773700197724599
       EH =        1.7525073526689390
     Eloc =       -4.3633104811828449
      Enl =       -0.0508299637304567
      Exc =       -0.7771578793691489
       KE =        1.0286311689995464
-------------------------------------
     Etot =       -1.5327897828415049
