   Eewald =        0.9008224545941059
       EH =        1.7813943067726485
     Eloc =       -4.4411551547222530
      Enl =       -0.0539196693302232
      Exc =       -0.7922836515948961
       KE =        1.0592462429828235
-------------------------------------
     Etot =       -1.5458954712977944
