   Eewald =        0.9119920778505053
       EH =        1.7942885865572826
     Eloc =       -4.4761806752355371
      Enl =       -0.0553150592718380
      Exc =       -0.7989083578330568
       KE =        1.0728794758268763
-------------------------------------
     Etot =       -1.5512439521057677
