   Eewald =        0.8836189771775049
       EH =        1.7604722177562606
     Eloc =       -4.3846911276030855
      Enl =       -0.0516769570085723
      Exc =       -0.7813737562641757
       KE =        1.0370985409889437
-------------------------------------
     Etot =       -1.5365521049531243
