   Eewald =        0.8725895868625790
       EH =        1.7462569274971032
     Eloc =       -4.3465890075279292
      Enl =       -0.0501680916831779
      Exc =       -0.7738237174931598
       KE =        1.0219681828194611
-------------------------------------
     Etot =       -1.5297661195251235
