   Eewald =        0.9109903656093621
       EH =        1.7933065743191485
     Eloc =       -4.4736551100183721
      Enl =       -0.0552454409300079
      Exc =       -0.7985448904121122
       KE =        1.0722355489802764
-------------------------------------
     Etot =       -1.5509129524517054
