   Eewald =        0.8658327251583051
       EH =        1.7374461442554829
     Eloc =       -4.3232066850808639
      Enl =       -0.0492735351926868
      Exc =       -0.7692238494863022
       KE =        1.0129629632217647
-------------------------------------
     Etot =       -1.5254622371243001
