   Eewald =        0.8766038751452810
       EH =        1.7517375047297044
     Eloc =       -4.3613935612841486
      Enl =       -0.0507858311355761
      Exc =       -0.7768938151814438
       KE =        1.0282387814068321
-------------------------------------
     Etot =       -1.5324930463193511
