   Eewald =        0.8905406461371018
       EH =        1.7692485309697614
     Eloc =       -4.4084691357849328
      Enl =       -0.0526514801365828
      Exc =       -0.7861195421145553
       KE =        1.0468120065806550
-------------------------------------
     Etot =       -1.5406389743485527
