   Eewald =        0.8664971300332391
       EH =        1.7383496252213551
     Eloc =       -4.3256137165604036
      Enl =       -0.0493690137087729
      Exc =       -0.7697127671236458
       KE =        1.0139325586058630
-------------------------------------
     Etot =       -1.5259161835323654
