   Eewald =        0.8828127311529077
       EH =        1.7596635681879362
     Eloc =       -4.3826637437459901
      Enl =       -0.0516282255843908
      Exc =       -0.7810913016518454
       KE =        1.0366600889158155
-------------------------------------
     Etot =       -1.5362468827255666
