   Eewald =        0.8999003469041251
       EH =        1.7804801672587094
     Eloc =       -4.4388255678806638
      Enl =       -0.0538582411804290
      Exc =       -0.7919517456566688
       KE =        1.0586828609943337
-------------------------------------
     Etot =       -1.5455721795605935
