   Eewald =        0.8718534180434098
       EH =        1.7455176338581255
     Eloc =       -4.3447578512042728
      Enl =       -0.0501274931424507
      Exc =       -0.7735741668652948
       KE =        1.0216118621240597
-------------------------------------
     Etot =       -1.5294765971864233
