   Eewald =        0.8684949291583047
       EH =        1.7410454266636310
     Eloc =       -4.3328071280352347
      Enl =       -0.0496539747864599
      Exc =       -0.7711690118712169
       KE =        1.0168252515675660
-------------------------------------
     Etot =       -1.5272645073034095
