   Eewald =        0.8895552349754605
       EH =        1.7682634598008924
     Eloc =       -4.4059815824360999
      Enl =       -0.0525889756847793
      Exc =       -0.7857690276722239
       KE =        1.0462440789121088
-------------------------------------
     Etot =       -1.5402768121046415
