   Eewald =        0.8676722643841152
       EH =        1.7402189737284759
     Eloc =       -4.3307702861629185
      Enl =       -0.0496102077760346
      Exc =       -0.7708938029389761
       KE =        1.0164457109446365
-------------------------------------
     Etot =       -1.5269373478207018
