   Eewald =        0.8988412591258317
       EH =        1.7794292024886555
     Eloc =       -4.4361488490076928
      Enl =       -0.0537877762024735
      Exc =       -0.7915704400075773
       KE =        1.0580369811032129
-------------------------------------
     Etot =       -1.5451996225000433
