   Eewald =        0.8656884798574980
       EH =        1.7375375376277129
     Eloc =       -4.3236179005963775
      Enl =       -0.0493269305454367
      Exc =       -0.7694445271960643
       KE =        1.0135703744701683
-------------------------------------
     Etot =       -1.5255929663824994
