   Eewald =        0.8757230850137938
       EH =        1.7508518408634826
     Eloc =       -4.3591894657103447
      Enl =       -0.0507351655061269
      Exc =       -0.7765902563335163
       KE =        1.0277887275166335
-------------------------------------
     Etot =       -1.5321512341560781
