   Eewald =        0.8650287091914519
       EH =        1.7366389010654335
     Eloc =       -4.3212245590618261
      Enl =       -0.0492320241799308
      Exc =       -0.7689579159070808
       KE =        1.0126065627811216
-------------------------------------
     Etot =       -1.5251403261108307
