   Eewald =        0.8710069218214224
       EH =        1.7446669581738372
     Eloc =       -4.3426519848736627
      Enl =       -0.0500808735411880
      Exc =       -0.7732872373131364
       KE =        1.0212031080371062
-------------------------------------
     Etot =       -1.5291431076956212
