   Eewald =        0.9098403560454564
       EH =        1.7921779103909377
     Eloc =       -4.4707541086694125
      Enl =       -0.0551655976886841
      Exc =       -0.7981274464533512
       KE =        1.0714975064733636
-------------------------------------
     Etot =       -1.5505313799016900
