   Eewald =        0.8818860759454492
       EH =        1.7587334434505313
     Eloc =       -4.3803330994126846
      Enl =       -0.0515722942934104
      Exc =       -0.7807666617672214
       KE =        1.0361572647669874
-------------------------------------
     Etot =       -1.5358952713103486
