   Eewald =        0.9553187173487593
       EH =        1.8620420443677694
     Eloc =       -4.6507375961106705
      Enl =       -0.0591721997075413
      Exc =       -0.8712237840718876
       KE =        1.1605456985368461
-------------------------------------
     Etot =       -1.6032271196367245
