   Eewald =        0.7318430113711223
       EH =        1.6290880650914605
     Eloc =       -4.0978744965582647
      Enl =       -0.0467759442943855
      Exc =       -0.8005026803995701
       KE =        1.0494584785627024
-------------------------------------
     Etot =       -1.5347635662269350
