   Eewald =        0.5982855911711467
       EH =        1.4763078538493410
     Eloc =       -3.7683960226581323
      Enl =       -0.0414577428592424
      Exc =       -0.7637674822734714
       KE =        1.0195997662034657
-------------------------------------
     Etot =       -1.4794280365668928
