   Eewald =        0.5076218740819218
       EH =        1.3723288881215179
     Eloc =       -3.5609686727235341
      Enl =       -0.0392687736488730
      Exc =       -0.7464928743279623
       KE =        1.0254349650826056
-------------------------------------
     Etot =       -1.4413445934143243
