   Eewald =        0.4414830789563670
       EH =        1.2996251463969195
     Eloc =       -3.4233953258162377
      Enl =       -0.0384976716069160
      Exc =       -0.7402123048048420
       KE =        1.0444385752747016
-------------------------------------
     Etot =       -1.4165585016000080
