   Eewald =        9.3516765430842508
       EH =        2.9342089311843353
     Eloc =       -8.1216808734336592
      Enl =        0.0058807534413818
      Exc =       -1.1628553968682560
       KE =        1.8911485071901057
-------------------------------------
     Etot =        4.8983784645981583
