   Eewald =        5.5964475628517860
       EH =        2.9219589621097555
     Eloc =       -8.1371468791124233
      Enl =        0.0001974811184949
      Exc =       -1.1576171598306579
       KE =        1.8919083916441675
-------------------------------------
     Etot =        1.1157483587811226
