   Eewald =        3.7783860702673602
       EH =        2.8811544991643805
     Eloc =       -8.0197204481423103
      Enl =       -0.0232825018382362
      Exc =       -1.1378404796950088
       KE =        1.8745807427225762
-------------------------------------
     Etot =       -0.6467221175212385
