   Eewald =        3.6565745209887379
       EH =        2.8751208990660353
     Eloc =       -8.0117406063949694
      Enl =       -0.0263546808047680
      Exc =       -1.1351300158822555
       KE =        1.8731454736130473
-------------------------------------
     Etot =       -0.7683844094141723
