   Eewald =        8.8591495638073745
       EH =        2.9306411049670511
     Eloc =       -8.0467542764707929
      Enl =        0.0029815380500119
      Exc =       -1.1604080283953055
       KE =        1.8819873785610763
-------------------------------------
     Etot =        4.4675972805194153
