   Eewald =        5.3017823777209383
       EH =        2.9157104335291608
     Eloc =       -8.0529323960285577
      Enl =       -0.0051026544488497
      Exc =       -1.1536127927695936
       KE =        1.8813160975046934
-------------------------------------
     Etot =        0.8871610655077924
