   Eewald =        3.4741523068371314
       EH =        2.8610795492465533
     Eloc =       -7.9068517760444887
      Enl =       -0.0355882565503205
      Exc =       -1.1276339048237378
       KE =        1.8576702004543020
-------------------------------------
     Etot =       -0.8771718808805609
