   Eewald =        8.4161227134058141
       EH =        2.9265742843051750
     Eloc =       -7.9763056475592027
      Enl =        0.0012631705246819
      Exc =       -1.1582968975898162
       KE =        1.8728394965159825
-------------------------------------
     Etot =        4.0821971196026343
