   Eewald =        7.6505551663425244
       EH =        2.9159054461708980
     Eloc =       -7.8453954145371299
      Enl =        0.0001476552089883
      Exc =       -1.1545824954047388
       KE =        1.8546498550618069
-------------------------------------
     Etot =        3.4212802128423485
