   Eewald =        3.2634050066675302
       EH =        2.8396254917780328
     Eloc =       -7.7205535310173952
      Enl =       -0.0457308761435517
      Exc =       -1.1171597158672273
       KE =        1.8276443833551901
-------------------------------------
     Etot =       -0.9527692412274216
