   Eewald =        5.2564190707332887
       EH =        2.9116785001761261
     Eloc =       -7.9747830232635639
      Enl =       -0.0076153668356102
      Exc =       -1.1511738474672031
       KE =        1.8710075041994583
-------------------------------------
     Etot =        0.9055328375424964
