   Eewald =       12.5594260119627332
       EH =        2.9301513296646866
     Eloc =       -7.9676058425177390
      Enl =        0.0036990450680644
      Exc =       -1.1600845008619243
       KE =        1.8722000260084264
-------------------------------------
     Etot =        8.2377860693242475
