   Eewald =        4.4005929219937006
       EH =        2.8978609769571175
     Eloc =       -7.9608249312593085
      Enl =       -0.0154770924840604
      Exc =       -1.1446602600242624
       KE =        1.8678911490439281
-------------------------------------
     Etot =        0.0453827642271150
