   Eewald =        7.0475661081553245
       EH =        2.9231246139139770
     Eloc =       -7.9786907054563461
      Enl =       -0.0008780878175900
      Exc =       -1.1566263041741514
       KE =        1.8727332235897045
-------------------------------------
     Etot =        2.7072288482109186
