   Eewald =        3.5183183650995158
       EH =        2.8639260464464265
     Eloc =       -7.9114947829060505
      Enl =       -0.0340792693514672
      Exc =       -1.1289297628015658
       KE =        1.8585239864712904
-------------------------------------
     Etot =       -0.8337354170418507
