   Eewald =        3.6594404298684453
       EH =        2.8719586597783784
     Eloc =       -7.9242952135279499
      Enl =       -0.0297654540561536
      Exc =       -1.1326118635070976
       KE =        1.8608845301313608
-------------------------------------
     Etot =       -0.6943889113130168
