   Eewald =        3.9291465732933712
       EH =        2.8839088409739562
     Eloc =       -7.9422505256824349
      Enl =       -0.0232437534105557
      Exc =       -1.1381403491975903
       KE =        1.8642485959195461
-------------------------------------
     Etot =       -0.4263306181037074
