   Eewald =        3.4741523068371314
       EH =        2.8610795495738959
     Eloc =       -7.9068517767379154
      Enl =       -0.0355882564623476
      Exc =       -1.1276339049508450
       KE =        1.8576702008595141
-------------------------------------
     Etot =       -0.8771718808805660
