   Eewald =        3.9213871014247044
       EH =        2.8831728605065075
     Eloc =       -7.9398488950540882
      Enl =       -0.0234824427457319
      Exc =       -1.1378434327831528
       KE =        1.8637385756372566
-------------------------------------
     Etot =       -0.4328762330145048
