   Eewald =        4.3862696197202222
       EH =        2.8971062295296033
     Eloc =       -7.9583820108803076
      Enl =       -0.0157340350581613
      Exc =       -1.1443506752188348
       KE =        1.8673843878545753
-------------------------------------
     Etot =        0.0322935159470970
