   Eewald =        3.5145089326458367
       EH =        2.8632189221319724
     Eloc =       -7.9091582448095776
      Enl =       -0.0342919595943783
      Exc =       -1.1286510571427764
       KE =        1.8580109767094242
-------------------------------------
     Etot =       -0.8363624300594985
