   Eewald =       29.1672214264868224
       EH =        2.9302569564992549
     Eloc =       -7.9352028805518655
      Enl =        0.0050524367313779
      Exc =       -1.1604691395247448
       KE =        1.8681129089304371
-------------------------------------
     Etot =       24.8749717085712803
