   Eewald =        3.6544427381665607
       EH =        2.8712398137972190
     Eloc =       -7.9219319656542444
      Enl =       -0.0299885732002333
      Exc =       -1.1323258899393482
       KE =        1.8603725594492206
-------------------------------------
     Etot =       -0.6981913173808261
