   Eewald =        5.2234532147219692
       EH =        2.9109063882609294
     Eloc =       -7.9723043704396801
      Enl =       -0.0078901386923568
      Exc =       -1.1508519334860481
       KE =        1.8705049092023445
-------------------------------------
     Etot =        0.8738180695671585
