   Eewald =        3.4706808060867296
       EH =        2.8603761882876122
     Eloc =       -7.9045241227835561
      Enl =       -0.0357973774635671
      Exc =       -1.1273573547795930
       KE =        1.8571565474592944
-------------------------------------
     Etot =       -0.8794653131930803
