   Eewald =       11.7619898531869325
       EH =        2.9293621116650019
     Eloc =       -7.9651064909270346
      Enl =        0.0034011246841704
      Exc =       -1.1597474858080121
       KE =        1.8717071937863721
-------------------------------------
     Etot =        7.4416063065874312
