   Eewald =        6.9391801614424962
       EH =        2.9223396309921497
     Eloc =       -7.9761902811309726
      Enl =       -0.0011672262154488
      Exc =       -1.1562945190000400
       KE =        1.8722351159351667
-------------------------------------
     Etot =        2.6001028820233509
