   Eewald =       15.2776819364361405
       EH =        2.9279060401238119
     Eloc =       -7.9278073170173293
      Enl =        0.0041624779809674
      Exc =       -1.1594618873476048
       KE =        1.8666517342835427
-------------------------------------
     Etot =       10.9891329844595305
