   Eewald =       10.1171036775333079
       EH =        2.9269953003308369
     Eloc =       -7.9576237296834460
      Enl =        0.0025133897984553
      Exc =       -1.1587382376924180
       KE =        1.8702279512380842
-------------------------------------
     Etot =        5.8004783515248199
