   Eewald =        3.8985168568263293
       EH =        2.8809698686097094
     Eloc =       -7.9326623677278070
      Enl =       -0.0241944426612109
      Exc =       -1.1369545362179283
       KE =        1.8622096951746163
-------------------------------------
     Etot =       -0.4521149259962913
