   Eewald =        5.1294780185222750
       EH =        2.9085940032712339
     Eloc =       -7.9648856600975941
      Enl =       -0.0087097206833278
      Exc =       -1.1498882595424862
       KE =        1.8689970592497009
-------------------------------------
     Etot =        0.7835854407198017
