   Eewald =        3.4603438366840669
       EH =        2.8582718289495257
     Eloc =       -7.8975606160620249
      Enl =       -0.0364210791774410
      Exc =       -1.1265298981613658
       KE =        1.8556179875454375
-------------------------------------
     Etot =       -0.8862779402218020
