   Eewald =        6.6483030036005584
       EH =        2.9199900157308756
     Eloc =       -7.9687094278301354
      Enl =       -0.0020290886139833
      Exc =       -1.1553020634558764
       KE =        1.8707423065465640
-------------------------------------
     Etot =        2.3129947459780036
