   Eewald =        3.6396244696192048
       EH =        2.8690878292069111
     Eloc =       -7.9148599720391495
      Enl =       -0.0306541166257875
      Exc =       -1.1314694944467483
       KE =        1.8588378712017859
-------------------------------------
     Etot =       -0.7094334130837836
