   Eewald =        3.5031775606089166
       EH =        2.8611023890402612
     Eloc =       -7.9021667318338586
      Enl =       -0.0349263980072039
      Exc =       -1.1278164466360578
       KE =        1.8564735925869955
-------------------------------------
     Etot =       -0.8441560342409471
