   Eewald =        4.3445078951168536
       EH =        2.8948464171592070
     Eloc =       -7.9510710094937549
      Enl =       -0.0165004114977115
      Exc =       -1.1434238913953223
       KE =        1.8658645868747108
-------------------------------------
     Etot =       -0.0057764132360172
