   Eewald =        3.4434252799994889
       EH =        2.8547955773938107
     Eloc =       -7.8860584441385750
      Enl =       -0.0374449745938517
      Exc =       -1.1251632139186840
       KE =        1.8530707295828601
-------------------------------------
     Etot =       -0.8973750456749507
