   Eewald =        4.2788656722624525
       EH =        2.8911141683310029
     Eloc =       -7.9389947443700768
      Enl =       -0.0177588343797888
      Exc =       -1.1418939939661155
       KE =        1.8633462292977727
-------------------------------------
     Etot =       -0.0653215028247525
