   Eewald =        3.6155714025033352
       EH =        2.8655325121499295
     Eloc =       -7.9031775774353319
      Enl =       -0.0317468279354498
      Exc =       -1.1300547486302313
       KE =        1.8562958639239495
-------------------------------------
     Etot =       -0.7275793754237991
