   Eewald =        6.2529886457413264
       EH =        2.9161063148387800
     Eloc =       -7.9563464865799318
      Enl =       -0.0034456652239089
      Exc =       -1.1536632783787271
       KE =        1.8682645749997764
-------------------------------------
     Etot =        1.9239041053973158
