   Eewald =        4.9877924128178313
       EH =        2.9047749855424301
     Eloc =       -7.9526312387462426
      Enl =       -0.0100556652181981
      Exc =       -1.1482978720714805
       KE =        1.8664976929195798
-------------------------------------
     Etot =        0.6480803152439205
