   Eewald =        8.5538903565079547
       EH =        2.9230861077140684
     Eloc =       -7.9452634689635850
      Enl =        0.0010554643844434
      Exc =       -1.1570732308506655
       KE =        1.8677753486422763
-------------------------------------
     Etot =        4.2434705774344916
