   Eewald =        3.8618192026607687
       EH =        2.8773323713923240
     Eloc =       -7.9207939771471070
      Enl =       -0.0253637253327746
      Exc =       -1.1354868842444747
       KE =        1.8596785671809628
-------------------------------------
     Etot =       -0.4828144454903005
