   Eewald =       10.6555569470455183
       EH =        2.9240257870601094
     Eloc =       -7.9155932523429104
      Enl =        0.0027002260848203
      Exc =       -1.1578007928413776
       KE =        1.8642295237310205
-------------------------------------
     Etot =        6.3731184387371806
