   Eewald =        3.4846692009156501
       EH =        2.8576054574949996
     Eloc =       -7.8906172566840445
      Enl =       -0.0359680343834251
      Exc =       -1.1264374158087087
       KE =        1.8539275874341294
-------------------------------------
     Etot =       -0.8568204610313988
