   Eewald =        5.8245950540019322
       EH =        2.9107076254466784
     Eloc =       -7.9391459712921408
      Enl =       -0.0054005069097263
      Exc =       -1.1513884123834537
       KE =        1.8648000224028860
-------------------------------------
     Etot =        1.5041678112661754
