   Eewald =        3.4593298864335136
       EH =        2.8527381004697285
     Eloc =       -7.8745432210779782
      Enl =       -0.0374043867237169
      Exc =       -1.1245186061841475
       KE =        1.8503717726299209
-------------------------------------
     Etot =       -0.8740264544526788
