   Eewald =        3.5829354968925125
       EH =        2.8605848657235731
     Eloc =       -7.8869193584196866
      Enl =       -0.0332536741769605
      Exc =       -1.1280869268678180
       KE =        1.8527449897179114
-------------------------------------
     Etot =       -0.7519946071304677
