   Eewald =        3.8128372570656230
       EH =        2.8722694995540987
     Eloc =       -7.9042737860888206
      Enl =       -0.0269761935181542
      Exc =       -1.1334460470961860
       KE =        1.8561393458219466
-------------------------------------
     Etot =       -0.5234499242614923
