   Eewald =        4.1937314873616547
       EH =        2.8859268861385670
     Eloc =       -7.9221980260348523
      Enl =       -0.0194938424516669
      Exc =       -1.1397693787252872
       KE =        1.8598303565542118
-------------------------------------
     Etot =       -0.1419725171573736
