   Eewald =        3.4201943202476435
       EH =        2.8499572175736856
     Eloc =       -7.8700508702348628
      Enl =       -0.0388567413117171
      Exc =       -1.1232618405669850
       KE =        1.8495138424505315
-------------------------------------
     Etot =       -0.9125040718417043
