   Eewald =        7.3254360385459325
       EH =        2.9176531581534331
     Eloc =       -7.9280675475232654
      Enl =       -0.0009569239742496
      Exc =       -1.1547626761919587
       KE =        1.8643455077168294
-------------------------------------
     Etot =        3.0236475567267211
