   Eewald =        4.8139308380387913
       EH =        2.8994646908550696
     Eloc =       -7.9355804323535493
      Enl =       -0.0119125750309187
      Exc =       -1.1460891856061470
       KE =        1.8630035028011676
-------------------------------------
     Etot =        0.4828168387044129
