   Eewald =        8.3354838891443688
       EH =        2.9186346322464018
     Eloc =       -7.8986026043470741
      Enl =        0.0006815061261111
      Exc =       -1.1554962057461191
       KE =        1.8608426791281043
-------------------------------------
     Etot =        4.0615438965517932
