   Eewald =        3.5427676551140741
       EH =        2.8542956420900776
     Eloc =       -7.8662493726070641
      Enl =       -0.0351459853508038
      Exc =       -1.1255877885724734
       KE =        1.8482090340415898
-------------------------------------
     Etot =       -0.7817108152845993
