   Eewald =        3.3911687052399442
       EH =        2.8438045342619427
     Eloc =       -7.8496973896576154
      Enl =       -0.0406294237418538
      Exc =       -1.1208456689766064
       KE =        1.8449714697136417
-------------------------------------
     Etot =       -0.9312277731605472
