   Eewald =        4.0945668860773496
       EH =        2.8793338360135214
     Eloc =       -7.9008388801536267
      Enl =       -0.0216747926020218
      Exc =       -1.1370734211383124
       KE =        1.8553312559478414
-------------------------------------
     Etot =       -0.2303551158552481
