   Eewald =        3.7537685455018419
       EH =        2.8658363492512415
     Eloc =       -7.8832729769607619
      Enl =       -0.0290014690522553
      Exc =       -1.1308559200907213
       KE =        1.8516168638568629
-------------------------------------
     Etot =       -0.5719086074937927
