   Eewald =        5.4114960390431186
       EH =        2.9038568149490174
     Eloc =       -7.9172885213121731
      Enl =       -0.0078579393613843
      Exc =       -1.1485071957351431
       KE =        1.8603694639244219
-------------------------------------
     Etot =        1.1020686615078579
