   Eewald =        6.4018094725983730
       EH =        2.9107612773631808
     Eloc =       -7.9062181252178529
      Enl =       -0.0034875165574735
      Exc =       -1.1518375480376772
       KE =        1.8599589698341292
-------------------------------------
     Etot =        2.1109865299826787
