   Eewald =        3.4277875992254598
       EH =        2.8465490841375001
     Eloc =       -7.8541056267032010
      Enl =       -0.0392080434345228
      Exc =       -1.1220805400868126
       KE =        1.8458303647402163
-------------------------------------
     Etot =       -0.8952271621213599
