   Eewald =        6.9429390471884851
       EH =        2.9117971491553312
     Eloc =       -7.8770159720801241
      Enl =       -0.0018574065547777
      Exc =       -1.1525792714151104
       KE =        1.8565114902012894
-------------------------------------
     Etot =        2.6797950364950940
