   Eewald =        4.6238031758145173
       EH =        2.8927232596022456
     Eloc =       -7.9139107073684523
      Enl =       -0.0142461272035013
      Exc =       -1.1432901097103827
       KE =        1.8585359546804536
-------------------------------------
     Etot =        0.3036154458148803
