   Eewald =        5.0358655116763646
       EH =        2.8956222804700036
     Eloc =       -7.8909675008880047
      Enl =       -0.0107775086957000
      Exc =       -1.1450523635985765
       KE =        1.8549933929239373
-------------------------------------
     Etot =        0.7396838118880247
