   Eewald =        3.4961909640545974
       EH =        2.8467189476439576
     Eloc =       -7.8413412147161781
      Enl =       -0.0373911948733660
      Exc =       -1.1225809831723881
       KE =        1.8427115793006843
-------------------------------------
     Etot =       -0.8156919017626922
