   Eewald =        3.3907282717981246
       EH =        2.8390921121725974
     Eloc =       -7.8294783655490283
      Enl =       -0.0413473307135371
      Exc =       -1.1191465337893964
       KE =        1.8403299265784852
-------------------------------------
     Etot =       -0.9198219195027546
