   Eewald =        5.7025401246936349
       EH =        2.9024810036094948
     Eloc =       -7.8799105190021503
      Enl =       -0.0064950940290747
      Exc =       -1.1483319963729943
       KE =        1.8546359663034189
-------------------------------------
     Etot =        1.4249194852023284
