   Eewald =        3.9864673633945733
       EH =        2.8714004913820870
     Eloc =       -7.8751093910510956
      Enl =       -0.0242639465254188
      Exc =       -1.1338355660092352
       KE =        1.8498749801462044
-------------------------------------
     Etot =       -0.3254660686628843
