   Eewald =        3.3569176155208567
       EH =        2.8363876696837349
     Eloc =       -7.8251654648777125
      Enl =       -0.0427324182386246
      Exc =       -1.1179358351472550
       KE =        1.8394671301606986
-------------------------------------
     Etot =       -0.9530613028983024
