   Eewald =        3.6868563867392572
       EH =        2.8580908173705528
     Eloc =       -7.8579707992702676
      Enl =       -0.0314049833081777
      Exc =       -1.1277423233723969
       KE =        1.8461342726487562
-------------------------------------
     Etot =       -0.6260366291922757
