   Eewald =        4.4296945403271488
       EH =        2.8846162901032537
     Eloc =       -7.8878120545376822
      Enl =       -0.0170174369526062
      Exc =       -1.1399314019559201
       KE =        1.8531164262272830
-------------------------------------
     Etot =        0.1226663632114768
