   Eewald =        6.0137461322383041
       EH =        2.9035840226254903
     Eloc =       -7.8510275112687919
      Enl =       -0.0048753471334032
      Exc =       -1.1490844378430431
       KE =        1.8512561015540512
-------------------------------------
     Etot =        1.7635989601726074
