   Eewald =        3.6142753247490953
       EH =        2.8491005468512016
     Eloc =       -7.8285780911231706
      Enl =       -0.0341463882176253
      Exc =       -1.1241349561596605
       KE =        1.8397189654021224
-------------------------------------
     Etot =       -0.6837645984980367
