   Eewald =        4.7040532038620624
       EH =        2.8860843552686348
     Eloc =       -7.8604119566191013
      Enl =       -0.0141119173596319
      Exc =       -1.1410616825966953
       KE =        1.8486969145811472
-------------------------------------
     Etot =        0.4232489171364162
