   Eewald =        3.3488986984803795
       EH =        2.8304233821861837
     Eloc =       -7.8008525184724693
      Enl =       -0.0437870891928379
      Exc =       -1.1157398395989184
       KE =        1.8338933048245050
-------------------------------------
     Etot =       -0.9471640617731576
