   Eewald =        5.3490857024123670
       EH =        2.8940781353228529
     Eloc =       -7.8208673289035939
      Enl =       -0.0083241031351302
      Exc =       -1.1450514316586533
       KE =        1.8451012523240375
-------------------------------------
     Etot =        1.1140222263618809
