   Eewald =        5.1622251443739060
       EH =        2.8928951184084957
     Eloc =       -7.8493762824644877
      Enl =       -0.0099313853675581
      Exc =       -1.1442854200376482
       KE =        1.8484014101140653
-------------------------------------
     Etot =        0.8999285850267739
