   Eewald =        4.2399799395675188
       EH =        2.8752203615415008
     Eloc =       -7.8575085629742425
      Enl =       -0.0201810712952437
      Exc =       -1.1360484086576794
       KE =        1.8467705778281944
-------------------------------------
     Etot =       -0.0517671639899511
