   Eewald =        3.3180711408270280
       EH =        2.8277655840685374
     Eloc =       -7.7966522408308316
      Enl =       -0.0451300272211491
      Exc =       -1.1145569453941879
       KE =        1.8330287646843917
-------------------------------------
     Etot =       -0.9774737238662123
