   Eewald =        3.4443749158623542
       EH =        2.8379184938414741
     Eloc =       -7.8123994754183554
      Enl =       -0.0399513759924886
      Exc =       -1.1190938144377691
       KE =        1.8362807262835843
-------------------------------------
     Etot =       -0.8528705298612005
