   Eewald =        3.8738193646054686
       EH =        2.8621991752102978
     Eloc =       -7.8452275615853564
      Enl =       -0.0272182797624139
      Exc =       -1.1300883655027050
       KE =        1.8434881883446381
-------------------------------------
     Etot =       -0.4230274786900703
