   Eewald =        4.4145834592308484
       EH =        2.8753281683961367
     Eloc =       -7.8258753915274726
      Enl =       -0.0178082422949500
      Exc =       -1.1365746332894748
       KE =        1.8415065575622611
-------------------------------------
     Etot =        0.1511599180773489
