   Eewald =        3.3030695835840520
       EH =        2.8206111078799188
     Eloc =       -7.7684544364178958
      Enl =       -0.0464863269382580
      Exc =       -1.1118884615139608
       KE =        1.8265536561850595
-------------------------------------
     Etot =       -0.9765948772210844
