   Eewald =        4.8495905953998744
       EH =        2.8833673316174737
     Eloc =       -7.7867902246779126
      Enl =       -0.0121496876211592
      Exc =       -1.1405216936244633
       KE =        1.8380730436130190
-------------------------------------
     Etot =        0.6315693647068321
