   Eewald =        4.0596374743330852
       EH =        2.8646166449670236
     Eloc =       -7.8232480518148089
      Enl =       -0.0236862271749514
      Exc =       -1.1316780707846481
       KE =        1.8395254946890738
-------------------------------------
     Etot =       -0.2148327357852260
