   Eewald =        3.3884669844612332
       EH =        2.8279630214990865
     Eloc =       -7.7796510716411422
      Enl =       -0.0427842979122558
      Exc =       -1.1151548237162758
       KE =        1.8289465538311196
-------------------------------------
     Etot =       -0.8922136334782349
