   Eewald =        3.7600865637002885
       EH =        2.8518071772261733
     Eloc =       -7.8114349833529015
      Enl =       -0.0304897803995022
      Exc =       -1.1258659695784421
       KE =        1.8361993329251063
-------------------------------------
     Etot =       -0.5196976594792777
