   Eewald =        3.5379917273572445
       EH =        2.8389383475248344
     Eloc =       -7.7953288298379002
      Enl =       -0.0371807259521910
      Exc =       -1.1200649743427429
       KE =        1.8324003433045823
-------------------------------------
     Etot =       -0.7432441119461726
