   Eewald =        4.7351830935864072
       EH =        2.8820906243603699
     Eloc =       -7.8148708548641510
      Enl =       -0.0137423251192888
      Exc =       -1.1397387283941947
       KE =        1.8412811811446439
-------------------------------------
     Etot =        0.4902029907137861
