   Eewald =        3.2752918122820978
       EH =        2.8180041665643545
     Eloc =       -7.7643793803500936
      Enl =       -0.0477824301903551
      Exc =       -1.1107359626370366
       KE =        1.8256876919131846
-------------------------------------
     Etot =       -1.0039141024178486
